index,0,1,2
26457,0.10800000000000001,0.22400000000000003,0.6679999999999999
26458,0.188,0.196,0.616
26459,0.07200000000000001,0.258,0.67
26460,0.13,0.19,0.68
26461,0.13,0.386,0.484
26462,0.126,0.31199999999999994,0.5619999999999999
26463,0.278,0.32,0.40199999999999997
26464,0.06799999999999999,0.36,0.572
26465,0.05600000000000001,0.28,0.6639999999999999
26466,0.05,0.22599999999999998,0.724
26467,0.098,0.31,0.592
26468,0.074,0.318,0.608
26469,0.38,0.262,0.358
26470,0.20400000000000001,0.33399999999999996,0.462
26471,0.028000000000000004,0.23399999999999999,0.7380000000000001
26472,0.376,0.29400000000000004,0.32999999999999996
26473,0.13399999999999998,0.24000000000000005,0.626
26474,0.266,0.288,0.446
26475,0.178,0.38,0.442
26476,0.06399999999999999,0.38999999999999996,0.546
26477,0.136,0.538,0.32599999999999996
26478,0.23399999999999999,0.21799999999999997,0.5479999999999999
26479,0.128,0.256,0.6159999999999999
26480,0.13999999999999999,0.334,0.526
26481,0.168,0.31799999999999995,0.514
26482,0.154,0.21200000000000002,0.634
26483,0.06,0.302,0.6380000000000001
26484,0.13999999999999999,0.266,0.594
26485,0.11599999999999999,0.15000000000000002,0.734
26486,0.13,0.52,0.35
26487,0.11600000000000002,0.25200000000000006,0.632
26488,0.15600000000000003,0.40800000000000003,0.43600000000000005
26489,0.202,0.31399999999999995,0.484
26490,0.022,0.36400000000000005,0.6140000000000001
26491,0.074,0.21999999999999997,0.7059999999999998
26492,0.16,0.354,0.48600000000000004
26493,0.198,0.592,0.21000000000000002
26494,0.11000000000000001,0.22200000000000003,0.6679999999999999
26495,0.11200000000000002,0.266,0.622
26496,0.154,0.186,0.66
26497,0.12200000000000003,0.546,0.332
26498,0.09200000000000001,0.5660000000000001,0.342
26499,0.036000000000000004,0.32599999999999996,0.638
26500,0.134,0.4720000000000001,0.394
26501,0.238,0.22799999999999998,0.534
26502,0.048,0.29000000000000004,0.662
26503,0.23399999999999999,0.362,0.404
26504,0.11600000000000002,0.472,0.41200000000000003
26505,0.16,0.196,0.6439999999999999
26506,0.162,0.42400000000000004,0.41400000000000003
26507,0.11000000000000001,0.49800000000000005,0.392
26508,0.186,0.27999999999999997,0.534
26509,0.182,0.278,0.54
26510,0.148,0.332,0.5199999999999999
26511,0.126,0.35,0.524
26512,0.13799999999999998,0.36800000000000005,0.49400000000000005
26513,0.13999999999999999,0.5760000000000001,0.284
26514,0.172,0.158,0.6699999999999999
26515,0.278,0.13799999999999998,0.584
26516,0.154,0.186,0.66
26517,0.19,0.4,0.41000000000000003
26518,0.266,0.192,0.542
26519,0.316,0.256,0.42799999999999994
26520,0.11600000000000002,0.5359999999999999,0.348
26521,0.10400000000000001,0.346,0.55
26522,0.10400000000000001,0.422,0.47400000000000003
26523,0.05,0.22199999999999998,0.728
26524,0.10600000000000001,0.6380000000000001,0.256
26525,0.24000000000000005,0.27,0.48999999999999994
26526,0.06599999999999999,0.336,0.598
26527,0.09,0.434,0.476
26528,0.14200000000000002,0.254,0.604
26529,0.13,0.174,0.696
26530,0.176,0.402,0.422
26531,0.10400000000000001,0.394,0.502
26532,0.024,0.264,0.712
26533,0.064,0.348,0.588
26534,0.064,0.266,0.67
26535,0.12000000000000002,0.262,0.618
26536,0.162,0.414,0.42400000000000004
26537,0.12399999999999997,0.198,0.678
26538,0.05600000000000001,0.49400000000000005,0.45
26539,0.01,0.21799999999999997,0.772
26540,0.072,0.418,0.51
26541,0.05800000000000001,0.28600000000000003,0.656
26542,0.072,0.286,0.642
26543,0.146,0.27999999999999997,0.5740000000000001
26544,0.202,0.254,0.544
26545,0.16599999999999998,0.27199999999999996,0.562
26546,0.144,0.318,0.538
26547,0.186,0.20600000000000004,0.608
26548,0.09400000000000001,0.34800000000000003,0.558
26549,0.082,0.6140000000000001,0.304
26550,0.022000000000000002,0.25,0.728
26551,0.14,0.26599999999999996,0.5940000000000001
26552,0.038,0.25,0.7120000000000001
26553,0.13399999999999998,0.22199999999999998,0.644
26554,0.126,0.45600000000000007,0.41800000000000004
26555,0.054000000000000006,0.30999999999999994,0.636
26556,0.094,0.29400000000000004,0.6119999999999999
26557,0.148,0.19000000000000003,0.6619999999999999
26558,0.30999999999999994,0.272,0.418
26559,0.152,0.184,0.664
26560,0.098,0.422,0.48
26561,0.068,0.29400000000000004,0.638
26562,0.10400000000000001,0.368,0.5279999999999999
26563,0.16,0.142,0.6980000000000001
26564,0.19,0.23200000000000004,0.5780000000000001
26565,0.04,0.42800000000000005,0.532
26566,0.262,0.286,0.45199999999999996
26567,0.066,0.372,0.562
26568,0.30200000000000005,0.32799999999999996,0.37
26569,0.038000000000000006,0.262,0.7
26570,0.21800000000000003,0.39,0.392
26571,0.21400000000000002,0.26599999999999996,0.52
26572,0.078,0.47000000000000003,0.45199999999999996
26573,0.21200000000000002,0.374,0.414
26574,0.22400000000000003,0.26,0.516
26575,0.22799999999999998,0.376,0.396
26576,0.098,0.256,0.6460000000000001
26577,0.158,0.302,0.54
26578,0.092,0.6839999999999999,0.22400000000000003
26579,0.15,0.27,0.5800000000000001
26580,0.10400000000000001,0.302,0.5940000000000001
26581,0.09,0.182,0.7280000000000001
26582,0.162,0.266,0.572
26583,0.06999999999999999,0.28400000000000003,0.6460000000000001
26584,0.11599999999999999,0.34800000000000003,0.5359999999999999
26585,0.12999999999999998,0.49000000000000005,0.37999999999999995
26586,0.16999999999999998,0.488,0.342
26587,0.182,0.426,0.392
26588,0.172,0.26,0.568
26589,0.068,0.332,0.5999999999999999
26590,0.12599999999999997,0.4800000000000001,0.394
26591,0.148,0.30400000000000005,0.548
26592,0.128,0.23399999999999999,0.6380000000000001
26593,0.088,0.384,0.528
26594,0.132,0.418,0.45
26595,0.062,0.198,0.74
26596,0.13,0.288,0.5820000000000001
26597,0.048,0.27199999999999996,0.6799999999999999
26598,0.11000000000000001,0.396,0.49399999999999994
26599,0.15999999999999998,0.406,0.434
26600,0.098,0.302,0.6000000000000001
26601,0.064,0.23399999999999999,0.7020000000000001
26602,0.078,0.272,0.65
26603,0.162,0.242,0.5959999999999999
26604,0.052000000000000005,0.258,0.69
26605,0.041999999999999996,0.296,0.6619999999999999
26606,0.082,0.442,0.476
26607,0.15600000000000003,0.312,0.5319999999999999
26608,0.08000000000000002,0.4699999999999999,0.45
26609,0.098,0.25,0.6519999999999999
26610,0.148,0.28800000000000003,0.564
26611,0.264,0.328,0.40800000000000003
26612,0.14200000000000002,0.458,0.4
26613,0.22400000000000003,0.252,0.524
26614,0.11599999999999999,0.384,0.5
26615,0.12,0.4,0.48
26616,0.296,0.18,0.524
26617,0.21799999999999997,0.274,0.508
26618,0.052000000000000005,0.368,0.58
26619,0.242,0.41200000000000003,0.346
26620,0.052000000000000005,0.262,0.6859999999999999
26621,0.138,0.23400000000000004,0.628
26622,0.254,0.252,0.49399999999999994
26623,0.084,0.546,0.37
26624,0.072,0.512,0.41600000000000004
26625,0.24000000000000005,0.27,0.48999999999999994
26626,0.18,0.30599999999999994,0.514
26627,0.12400000000000003,0.28200000000000003,0.5940000000000001
26628,0.03,0.466,0.504
26629,0.064,0.21600000000000003,0.7200000000000001
26630,0.08800000000000001,0.33399999999999996,0.578
26631,0.14400000000000002,0.272,0.584
26632,0.18,0.308,0.5119999999999999
26633,0.14600000000000002,0.288,0.5660000000000001
26634,0.08,0.252,0.668
26635,0.136,0.344,0.52
26636,0.06,0.45,0.49000000000000005
26637,0.10200000000000001,0.21000000000000002,0.688
26638,0.17800000000000002,0.442,0.38000000000000006
26639,0.038,0.7340000000000001,0.22799999999999998
26640,0.094,0.16,0.746
26641,0.348,0.35000000000000003,0.30200000000000005
26642,0.136,0.266,0.598
26643,0.041999999999999996,0.296,0.662
26644,0.08199999999999999,0.22599999999999998,0.692
26645,0.10800000000000001,0.238,0.6540000000000001
26646,0.29799999999999993,0.118,0.5840000000000001
26647,0.13999999999999999,0.42400000000000004,0.43599999999999994
26648,0.158,0.366,0.476
26649,0.132,0.2,0.6679999999999999
26650,0.13999999999999999,0.22599999999999998,0.634
26651,0.08,0.358,0.562
26652,0.20600000000000002,0.122,0.6719999999999999
26653,0.072,0.16199999999999998,0.766
26654,0.046000000000000006,0.46799999999999997,0.48600000000000004
26655,0.11399999999999999,0.31799999999999995,0.568
26656,0.152,0.202,0.646
26657,0.18,0.346,0.47400000000000003
26658,0.036,0.21600000000000003,0.748
26659,0.12,0.38199999999999995,0.49800000000000005
26660,0.098,0.238,0.664
26661,0.188,0.506,0.306
26662,0.041999999999999996,0.24599999999999994,0.712
26663,0.294,0.286,0.41999999999999993
26664,0.132,0.252,0.616
26665,0.088,0.254,0.658
26666,0.09,0.384,0.526
26667,0.041999999999999996,0.296,0.6619999999999999
26668,0.1,0.4539999999999999,0.446
26669,0.08800000000000001,0.41400000000000003,0.49800000000000005
26670,0.078,0.252,0.67
26671,0.154,0.268,0.5780000000000001
26672,0.072,0.272,0.656
26673,0.24200000000000005,0.32,0.438
26674,0.202,0.256,0.542
26675,0.144,0.23800000000000004,0.6180000000000001
26676,0.172,0.23399999999999999,0.594
26677,0.098,0.268,0.634
26678,0.09,0.354,0.556
26679,0.15000000000000002,0.35600000000000004,0.49400000000000005
26680,0.066,0.322,0.612
26681,0.12400000000000003,0.352,0.524
26682,0.10800000000000001,0.30600000000000005,0.5860000000000001
26683,0.082,0.368,0.55
26684,0.064,0.194,0.742
26685,0.10400000000000001,0.36200000000000004,0.534
26686,0.044000000000000004,0.296,0.6599999999999999
26687,0.052000000000000005,0.262,0.6859999999999999
26688,0.088,0.664,0.248
26689,0.08,0.34199999999999997,0.5780000000000001
26690,0.036000000000000004,0.21200000000000002,0.752
26691,0.14400000000000002,0.22599999999999998,0.6300000000000001
26692,0.048,0.362,0.5900000000000001
26693,0.16,0.24,0.6
26694,0.382,0.274,0.344
26695,0.144,0.336,0.52
26696,0.13399999999999998,0.24000000000000005,0.626
26697,0.166,0.22999999999999998,0.604
26698,0.288,0.24,0.4720000000000001
26699,0.156,0.528,0.316
26700,0.10200000000000001,0.298,0.6000000000000001
26701,0.17600000000000002,0.28400000000000003,0.54
26702,0.196,0.398,0.40599999999999997
26703,0.138,0.3,0.562
26704,0.12000000000000002,0.258,0.6220000000000001
26705,0.174,0.244,0.5820000000000001
26706,0.08800000000000001,0.31599999999999995,0.5960000000000001
26707,0.176,0.198,0.626
26708,0.132,0.22399999999999998,0.6439999999999999
26709,0.096,0.22000000000000003,0.6839999999999999
26710,0.066,0.372,0.562
26711,0.098,0.25,0.652
26712,0.22000000000000003,0.16199999999999998,0.6180000000000001
26713,0.202,0.392,0.40599999999999997
26714,0.06999999999999999,0.41600000000000004,0.514
26715,0.10600000000000001,0.25000000000000006,0.6439999999999999
26716,0.132,0.536,0.332
26717,0.11400000000000002,0.304,0.5820000000000001
26718,0.10800000000000001,0.276,0.616
26719,0.22000000000000003,0.37600000000000006,0.404
26720,0.134,0.298,0.5680000000000001
26721,0.078,0.254,0.6679999999999999
26722,0.132,0.45600000000000007,0.41200000000000003
26723,0.142,0.312,0.546
26724,0.158,0.22599999999999998,0.6160000000000001
26725,0.078,0.434,0.488
26726,0.052000000000000005,0.34199999999999997,0.6060000000000001
26727,0.13599999999999998,0.32,0.5439999999999999
26728,0.09,0.42399999999999993,0.48599999999999993
26729,0.078,0.304,0.6180000000000001
26730,0.12000000000000002,0.55,0.33
26731,0.146,0.23399999999999999,0.6199999999999999
26732,0.28600000000000003,0.368,0.346
26733,0.196,0.186,0.618
26734,0.10800000000000001,0.22400000000000003,0.6679999999999999
26735,0.136,0.302,0.562
26736,0.094,0.186,0.7200000000000001
26737,0.11399999999999999,0.248,0.638
26738,0.028000000000000004,0.44800000000000006,0.524
26739,0.318,0.266,0.41600000000000004
26740,0.088,0.39,0.522
26741,0.08399999999999999,0.162,0.7539999999999999
26742,0.062,0.43,0.508
26743,0.186,0.438,0.376
26744,0.12600000000000003,0.346,0.528
26745,0.041999999999999996,0.296,0.6619999999999999
26746,0.12000000000000002,0.346,0.534
26747,0.10200000000000001,0.358,0.54
26748,0.14,0.42200000000000004,0.438
26749,0.24799999999999994,0.35600000000000004,0.396
26750,0.098,0.5279999999999999,0.374
26751,0.172,0.188,0.6399999999999999
26752,0.06,0.652,0.288
26753,0.068,0.332,0.5999999999999999
26754,0.22400000000000003,0.21400000000000002,0.562
26755,0.068,0.246,0.686
26756,0.11000000000000001,0.192,0.6980000000000001
26757,0.162,0.344,0.49399999999999994
26758,0.094,0.23200000000000004,0.6740000000000002
26759,0.084,0.514,0.402
26760,0.136,0.5700000000000001,0.294
26761,0.156,0.31599999999999995,0.528
26762,0.08,0.184,0.736
26763,0.09599999999999999,0.35800000000000004,0.546
26764,0.074,0.362,0.564
26765,0.15,0.22999999999999998,0.6199999999999999
26766,0.062,0.384,0.554
26767,0.072,0.59,0.33799999999999997
26768,0.074,0.5820000000000001,0.344
26769,0.15000000000000002,0.288,0.562
26770,0.12200000000000003,0.23399999999999999,0.6439999999999999
26771,0.142,0.584,0.274
26772,0.24,0.22400000000000003,0.5359999999999999
26773,0.122,0.266,0.612
26774,0.238,0.35000000000000003,0.41200000000000003
26775,0.11200000000000002,0.43200000000000005,0.45600000000000007
26776,0.196,0.24999999999999994,0.554
26777,0.124,0.118,0.758
26778,0.13199999999999998,0.42800000000000005,0.44000000000000006
26779,0.092,0.336,0.572
26780,0.154,0.40599999999999997,0.44000000000000006
26781,0.05600000000000001,0.20400000000000001,0.74
26782,0.12999999999999998,0.168,0.7020000000000001
26783,0.10400000000000001,0.45,0.446
26784,0.14600000000000002,0.276,0.5780000000000001
26785,0.186,0.30599999999999994,0.508
26786,0.274,0.434,0.292
26787,0.13599999999999998,0.202,0.662
26788,0.11000000000000001,0.5700000000000001,0.32
26789,0.15399999999999997,0.44400000000000006,0.402
26790,0.184,0.376,0.44000000000000006
26791,0.05600000000000001,0.23199999999999998,0.712
26792,0.14200000000000002,0.33399999999999996,0.524
26793,0.13799999999999998,0.31799999999999995,0.544
26794,0.15,0.418,0.43200000000000005
26795,0.08,0.34199999999999997,0.5780000000000001
26796,0.13199999999999998,0.49400000000000005,0.37399999999999994
26797,0.09,0.28200000000000003,0.628
26798,0.22800000000000004,0.324,0.44799999999999995
26799,0.036000000000000004,0.32599999999999996,0.638
26800,0.094,0.446,0.45999999999999996
26801,0.11000000000000001,0.446,0.44400000000000006
26802,0.12,0.34199999999999997,0.538
26803,0.048,0.284,0.668
26804,0.046,0.458,0.496
26805,0.048,0.21400000000000002,0.738
26806,0.05600000000000001,0.368,0.576
26807,0.10200000000000001,0.24,0.658
26808,0.078,0.33799999999999997,0.584
26809,0.17600000000000002,0.388,0.43599999999999994
26810,0.041999999999999996,0.27399999999999997,0.6839999999999999
26811,0.17,0.242,0.588
26812,0.13,0.52,0.35
26813,0.064,0.25599999999999995,0.6799999999999999
26814,0.22200000000000003,0.21599999999999997,0.562
26815,0.055999999999999994,0.19000000000000003,0.754
26816,0.076,0.518,0.40599999999999997
26817,0.16999999999999998,0.186,0.644
26818,0.11400000000000002,0.284,0.602
26819,0.10800000000000001,0.316,0.5760000000000001
26820,0.06999999999999999,0.254,0.6759999999999999
26821,0.152,0.42800000000000005,0.42000000000000004
26822,0.08199999999999999,0.248,0.67
26823,0.20800000000000002,0.326,0.466
26824,0.07400000000000001,0.396,0.53
26825,0.088,0.30399999999999994,0.608
26826,0.23200000000000004,0.20600000000000002,0.562
26827,0.23199999999999998,0.352,0.41600000000000004
26828,0.1,0.27,0.6300000000000001
26829,0.074,0.332,0.594
26830,0.192,0.27199999999999996,0.536
26831,0.242,0.334,0.42400000000000004
26832,0.07999999999999999,0.322,0.5980000000000001
26833,0.10800000000000001,0.298,0.594
26834,0.12200000000000003,0.278,0.6
26835,0.4039999999999999,0.21999999999999997,0.376
26836,0.144,0.43200000000000005,0.42400000000000004
26837,0.29799999999999993,0.32799999999999996,0.374
26838,0.10800000000000001,0.388,0.504
26839,0.322,0.286,0.39199999999999996
26840,0.314,0.334,0.352
26841,0.14,0.22399999999999998,0.636
26842,0.126,0.434,0.44000000000000006
26843,0.414,0.24800000000000005,0.338
26844,0.06200000000000001,0.6759999999999999,0.26199999999999996
26845,0.53,0.176,0.294
26846,0.10800000000000001,0.238,0.6540000000000001
26847,0.132,0.4,0.46799999999999997
26848,0.296,0.332,0.372
26849,0.192,0.5239999999999999,0.28400000000000003
26850,0.064,0.372,0.5640000000000001
26851,0.10999999999999999,0.264,0.626
26852,0.06999999999999999,0.308,0.622
26853,0.054000000000000006,0.31599999999999995,0.6300000000000001
26854,0.182,0.476,0.342
26855,0.21200000000000002,0.33399999999999996,0.454
26856,0.174,0.304,0.522
26857,0.096,0.274,0.63
26858,0.11200000000000002,0.586,0.302
26859,0.054000000000000006,0.496,0.45
26860,0.12000000000000002,0.512,0.368
26861,0.12,0.56,0.32
26862,0.046,0.466,0.488
26863,0.044000000000000004,0.4,0.556
26864,0.118,0.5479999999999999,0.334
26865,0.10999999999999999,0.32199999999999995,0.5679999999999998
26866,0.088,0.326,0.5860000000000001
26867,0.196,0.176,0.6279999999999999
26868,0.11400000000000002,0.202,0.6839999999999999
26869,0.07400000000000001,0.126,0.8
26870,0.256,0.37799999999999995,0.36599999999999994
26871,0.066,0.372,0.562
26872,0.076,0.278,0.646
26873,0.10999999999999999,0.368,0.522
26874,0.21000000000000002,0.176,0.6140000000000001
26875,0.12000000000000002,0.41200000000000003,0.46799999999999997
26876,0.13999999999999999,0.384,0.476
26877,0.13199999999999998,0.236,0.632
26878,0.178,0.30200000000000005,0.52
26879,0.188,0.286,0.526
26880,0.124,0.302,0.5740000000000001
26881,0.036000000000000004,0.61,0.354
26882,0.172,0.244,0.584
26883,0.16,0.368,0.472
26884,0.07,0.40800000000000003,0.522
26885,0.172,0.33399999999999996,0.49400000000000005
26886,0.086,0.346,0.568
26887,0.122,0.242,0.636
26888,0.198,0.372,0.43
26889,0.066,0.25,0.684
26890,0.084,0.296,0.62
26891,0.08399999999999999,0.3,0.616
26892,0.258,0.248,0.49400000000000005
26893,0.288,0.24,0.4720000000000001
26894,0.11200000000000002,0.316,0.5720000000000001
26895,0.098,0.33199999999999996,0.57
26896,0.134,0.296,0.5700000000000001
26897,0.08,0.46799999999999997,0.45199999999999996
26898,0.076,0.264,0.66
26899,0.27599999999999997,0.26,0.4640000000000001
26900,0.12000000000000002,0.32,0.5599999999999999
26901,0.082,0.24,0.678
26902,0.12400000000000003,0.202,0.674
26903,0.086,0.34199999999999997,0.5720000000000001
26904,0.11000000000000001,0.32,0.5700000000000001
26905,0.192,0.188,0.62
26906,0.066,0.198,0.736
26907,0.032,0.578,0.39
26908,0.03,0.45599999999999996,0.514
26909,0.09799999999999999,0.42800000000000005,0.4739999999999999
26910,0.144,0.278,0.5780000000000001
26911,0.08,0.28200000000000003,0.638
26912,0.084,0.30400000000000005,0.612
26913,0.282,0.304,0.41400000000000003
26914,0.08800000000000001,0.288,0.6239999999999999
26915,0.12,0.316,0.564
26916,0.072,0.6,0.328
26917,0.13,0.174,0.696
26918,0.10400000000000001,0.302,0.594
26919,0.2,0.5559999999999999,0.244
26920,0.048,0.21199999999999997,0.74
26921,0.048,0.284,0.6679999999999999
26922,0.088,0.54,0.372
26923,0.074,0.22599999999999998,0.7
26924,0.268,0.434,0.29800000000000004
26925,0.138,0.238,0.6240000000000001
26926,0.266,0.272,0.462
26927,0.202,0.31399999999999995,0.484
26928,0.031999999999999994,0.6380000000000001,0.32999999999999996
26929,0.11599999999999999,0.42399999999999993,0.45999999999999996
26930,0.092,0.244,0.6639999999999999
26931,0.11399999999999999,0.672,0.21400000000000002
26932,0.20400000000000001,0.364,0.43200000000000005
26933,0.358,0.22599999999999998,0.41600000000000004
26934,0.122,0.28,0.5980000000000001
26935,0.084,0.28200000000000003,0.634
26936,0.11000000000000001,0.42800000000000005,0.462
26937,0.16999999999999998,0.28800000000000003,0.542
26938,0.06999999999999999,0.354,0.5760000000000001
26939,0.364,0.302,0.33399999999999996
26940,0.096,0.20800000000000002,0.696
26941,0.06,0.28400000000000003,0.6559999999999999
26942,0.11000000000000001,0.48599999999999993,0.404
26943,0.094,0.6100000000000001,0.296
26944,0.128,0.23399999999999999,0.638
26945,0.11000000000000001,0.504,0.386
26946,0.13399999999999998,0.23199999999999998,0.634
26947,0.142,0.42000000000000004,0.438
26948,0.244,0.398,0.358
26949,0.20400000000000001,0.21200000000000002,0.584
26950,0.23000000000000004,0.334,0.43600000000000005
26951,0.48599999999999993,0.266,0.248
26952,0.2,0.398,0.40199999999999997
26953,0.094,0.22999999999999998,0.6759999999999999
26954,0.122,0.29000000000000004,0.588
26955,0.12600000000000003,0.48,0.394
26956,0.184,0.296,0.52
26957,0.502,0.238,0.26
26958,0.08,0.34400000000000003,0.576
26959,0.046,0.646,0.308
26960,0.10999999999999999,0.368,0.522
26961,0.082,0.33,0.5880000000000001
26962,0.052000000000000005,0.294,0.654
26963,0.16,0.24,0.6
26964,0.096,0.3,0.6040000000000001
26965,0.06,0.21799999999999997,0.7220000000000001
26966,0.134,0.296,0.5700000000000001
26967,0.094,0.19200000000000003,0.714
26968,0.20800000000000002,0.31599999999999995,0.476
26969,0.10200000000000001,0.268,0.63
26970,0.084,0.28600000000000003,0.6300000000000001
26971,0.12200000000000003,0.37600000000000006,0.502
26972,0.046,0.638,0.316
26973,0.088,0.146,0.766
26974,0.174,0.252,0.5740000000000001
26975,0.118,0.196,0.6859999999999999
26976,0.14200000000000002,0.418,0.44000000000000006
26977,0.068,0.528,0.404
26978,0.08,0.22600000000000003,0.694
26979,0.07,0.34600000000000003,0.584
26980,0.078,0.22400000000000003,0.6980000000000001
26981,0.192,0.396,0.4119999999999999
26982,0.078,0.41400000000000003,0.508
26983,0.138,0.5720000000000001,0.29000000000000004
26984,0.138,0.308,0.554
26985,0.11200000000000002,0.362,0.526
26986,0.11400000000000002,0.18,0.7060000000000001
26987,0.268,0.434,0.29800000000000004
26988,0.078,0.586,0.336
26989,0.06999999999999999,0.466,0.46399999999999997
26990,0.15,0.22199999999999998,0.628
26991,0.162,0.46399999999999997,0.374
26992,0.12,0.36199999999999993,0.518
26993,0.086,0.27,0.644
26994,0.182,0.29600000000000004,0.522
26995,0.038,0.16999999999999998,0.792
26996,0.062,0.296,0.642
26997,0.20800000000000002,0.646,0.146
26998,0.398,0.26399999999999996,0.33799999999999997
26999,0.29200000000000004,0.274,0.434
27000,0.10800000000000001,0.466,0.426
27001,0.064,0.5119999999999999,0.42400000000000004
27002,0.042,0.194,0.7639999999999999
27003,0.366,0.252,0.382
27004,0.10199999999999998,0.338,0.5599999999999999
27005,0.03,0.276,0.694
27006,0.154,0.20600000000000002,0.64
27007,0.07999999999999999,0.53,0.38999999999999996
27008,0.262,0.172,0.5660000000000001
27009,0.20600000000000002,0.33,0.4640000000000001
27010,0.122,0.27,0.608
27011,0.10200000000000001,0.48599999999999993,0.41200000000000003
27012,0.082,0.312,0.606
27013,0.156,0.46799999999999997,0.376
27014,0.05,0.33,0.62
27015,0.11200000000000002,0.33999999999999997,0.548
27016,0.21400000000000002,0.37,0.41600000000000004
27017,0.10200000000000001,0.292,0.606
27018,0.158,0.3,0.542
27019,0.16599999999999998,0.368,0.466
27020,0.186,0.492,0.322
27021,0.11000000000000001,0.284,0.606
27022,0.11400000000000002,0.31799999999999995,0.5680000000000001
27023,0.126,0.418,0.45599999999999996
27024,0.076,0.248,0.6759999999999999
27025,0.052000000000000005,0.16999999999999998,0.7779999999999999
27026,0.062,0.32399999999999995,0.6140000000000001
27027,0.138,0.22799999999999998,0.634
27028,0.18,0.308,0.5119999999999999
27029,0.084,0.42200000000000004,0.49400000000000005
27030,0.068,0.7959999999999999,0.136
27031,0.394,0.35,0.256
27032,0.08199999999999999,0.418,0.5
27033,0.168,0.32399999999999995,0.508
27034,0.082,0.22200000000000003,0.696
27035,0.11000000000000001,0.388,0.502
27036,0.182,0.20999999999999996,0.608
27037,0.10400000000000001,0.554,0.342
27038,0.172,0.26199999999999996,0.5660000000000001
27039,0.196,0.20400000000000001,0.6
27040,0.14800000000000002,0.24,0.612
27041,0.062,0.20600000000000002,0.732
27042,0.268,0.33,0.40199999999999997
27043,0.078,0.23199999999999998,0.6900000000000001
27044,0.10800000000000001,0.47800000000000004,0.414
27045,0.078,0.15599999999999997,0.766
27046,0.10400000000000001,0.312,0.584
27047,0.14400000000000002,0.348,0.508
27048,0.066,0.718,0.21599999999999997
27049,0.054000000000000006,0.6519999999999999,0.294
27050,0.07400000000000001,0.192,0.734
27051,0.06,0.45199999999999996,0.488
27052,0.094,0.34199999999999997,0.564
27053,0.05800000000000001,0.65,0.292
27054,0.154,0.32199999999999995,0.524
27055,0.154,0.47400000000000003,0.372
27056,0.18,0.33,0.49000000000000005
27057,0.088,0.47800000000000004,0.434
27058,0.032,0.578,0.39
27059,0.136,0.294,0.5700000000000001
27060,0.11399999999999999,0.304,0.5820000000000001
27061,0.274,0.27599999999999997,0.45
27062,0.072,0.29,0.638
27063,0.148,0.362,0.49000000000000005
27064,0.10400000000000001,0.124,0.772
27065,0.10400000000000001,0.41000000000000003,0.48599999999999993
27066,0.052000000000000005,0.148,0.8
27067,0.078,0.47000000000000003,0.45199999999999996
27068,0.172,0.244,0.584
27069,0.08,0.22199999999999998,0.698
27070,0.15,0.22999999999999998,0.6199999999999999
27071,0.052000000000000005,0.248,0.7
27072,0.096,0.32,0.584
27073,0.348,0.238,0.414
27074,0.044,0.514,0.442
27075,0.198,0.194,0.608
27076,0.078,0.346,0.5760000000000001
27077,0.12400000000000003,0.33,0.546
27078,0.128,0.294,0.5780000000000001
27079,0.238,0.44400000000000006,0.318
27080,0.086,0.568,0.346
27081,0.10800000000000001,0.27799999999999997,0.6140000000000001
27082,0.21200000000000002,0.22799999999999998,0.56
27083,0.202,0.292,0.506
27084,0.272,0.24000000000000005,0.488
27085,0.36,0.16399999999999998,0.4760000000000001
27086,0.126,0.308,0.5660000000000001
27087,0.122,0.37,0.508
27088,0.14,0.246,0.6140000000000001
27089,0.246,0.322,0.43200000000000005
27090,0.06999999999999999,0.354,0.5760000000000001
27091,0.076,0.316,0.608
27092,0.10600000000000001,0.38599999999999995,0.508
27093,0.039999999999999994,0.5660000000000001,0.394
27094,0.292,0.262,0.446
27095,0.06,0.27,0.67
27096,0.22399999999999998,0.28200000000000003,0.49399999999999994
27097,0.162,0.396,0.442
27098,0.062,0.398,0.54
27099,0.092,0.324,0.584
27100,0.094,0.17800000000000002,0.7280000000000001
27101,0.062,0.398,0.54
27102,0.066,0.372,0.562
27103,0.086,0.246,0.6679999999999999
27104,0.17200000000000001,0.28400000000000003,0.544
27105,0.096,0.258,0.646
27106,0.05600000000000001,0.15999999999999998,0.784
27107,0.194,0.364,0.442
27108,0.086,0.246,0.668
27109,0.052000000000000005,0.27,0.678
27110,0.09200000000000001,0.434,0.47400000000000003
27111,0.122,0.202,0.676
27112,0.462,0.254,0.28400000000000003
27113,0.066,0.322,0.612
27114,0.156,0.242,0.6020000000000001
27115,0.186,0.39799999999999996,0.41600000000000004
27116,0.18000000000000002,0.398,0.422
27117,0.086,0.26999999999999996,0.6439999999999999
27118,0.08399999999999999,0.23200000000000004,0.6839999999999999
27119,0.086,0.568,0.346
27120,0.396,0.294,0.31
27121,0.132,0.296,0.572
27122,0.198,0.254,0.5479999999999999
27123,0.14800000000000002,0.32,0.532
27124,0.16399999999999998,0.356,0.48
27125,0.066,0.372,0.562
27126,0.164,0.196,0.6399999999999999
27127,0.23000000000000004,0.262,0.508
27128,0.08800000000000001,0.288,0.6239999999999999
27129,0.166,0.27,0.5640000000000001
27130,0.13,0.374,0.496
27131,0.18,0.276,0.5439999999999999
27132,0.21200000000000002,0.39399999999999996,0.394
27133,0.136,0.32199999999999995,0.542
27134,0.041999999999999996,0.358,0.6
27135,0.046,0.6060000000000001,0.34800000000000003
27136,0.08,0.41,0.51
27137,0.048,0.28600000000000003,0.666
27138,0.35,0.314,0.33599999999999997
27139,0.054000000000000006,0.298,0.6479999999999999
27140,0.288,0.314,0.398
27141,0.26,0.358,0.382
27142,0.188,0.42800000000000005,0.384
27143,0.13599999999999998,0.20800000000000002,0.6559999999999999
27144,0.22000000000000003,0.194,0.586
27145,0.198,0.592,0.21000000000000002
27146,0.10200000000000001,0.202,0.6960000000000001
27147,0.162,0.32599999999999996,0.5119999999999999
27148,0.10200000000000001,0.194,0.704
27149,0.132,0.34600000000000003,0.522
27150,0.092,0.23199999999999998,0.6759999999999999
27151,0.12999999999999998,0.388,0.48199999999999993
27152,0.3,0.28200000000000003,0.41800000000000004
27153,0.044,0.55,0.406
27154,0.12,0.43,0.45
27155,0.08,0.27999999999999997,0.64
27156,0.092,0.294,0.6140000000000001
27157,0.15400000000000003,0.21600000000000003,0.6300000000000001
27158,0.09799999999999999,0.306,0.596
27159,0.074,0.254,0.6719999999999999
27160,0.152,0.22200000000000003,0.626
27161,0.132,0.33799999999999997,0.53
27162,0.132,0.41999999999999993,0.44800000000000006
27163,0.05800000000000001,0.362,0.58
27164,0.062,0.344,0.5940000000000001
27165,0.32599999999999996,0.21400000000000002,0.45999999999999996
27166,0.11200000000000002,0.164,0.724
27167,0.23199999999999998,0.352,0.41600000000000004
27168,0.15,0.32,0.53
27169,0.10999999999999999,0.254,0.636
27170,0.288,0.314,0.398
27171,0.12000000000000002,0.23000000000000004,0.65
27172,0.10800000000000001,0.30600000000000005,0.5860000000000001
27173,0.11000000000000001,0.304,0.5860000000000001
27174,0.12200000000000003,0.308,0.5700000000000001
27175,0.242,0.342,0.41600000000000004
27176,0.10400000000000001,0.29000000000000004,0.606
27177,0.084,0.272,0.644
27178,0.092,0.28600000000000003,0.622
27179,0.036000000000000004,0.23000000000000004,0.734
27180,0.186,0.21400000000000002,0.6
27181,0.32,0.248,0.43200000000000005
27182,0.08600000000000001,0.36,0.5539999999999999
27183,0.118,0.3,0.5820000000000001
27184,0.126,0.21400000000000002,0.66
27185,0.098,0.31,0.5919999999999999
27186,0.08,0.312,0.608
27187,0.13,0.52,0.35
27188,0.11400000000000002,0.24,0.6459999999999999
27189,0.126,0.372,0.502
27190,0.23200000000000004,0.21399999999999997,0.554
27191,0.164,0.306,0.53
27192,0.146,0.15200000000000002,0.702
27193,0.11000000000000001,0.266,0.624
27194,0.20400000000000001,0.33399999999999996,0.462
27195,0.042,0.258,0.7
27196,0.098,0.3,0.6020000000000001
27197,0.088,0.47800000000000004,0.434
27198,0.08399999999999999,0.20400000000000004,0.712
27199,0.248,0.392,0.36
27200,0.12200000000000003,0.45,0.42799999999999994
27201,0.12,0.33799999999999997,0.542
27202,0.33999999999999997,0.25999999999999995,0.4
27203,0.084,0.244,0.6719999999999999
27204,0.22000000000000003,0.28400000000000003,0.496
27205,0.098,0.25,0.652
27206,0.066,0.40199999999999997,0.532
27207,0.06000000000000001,0.388,0.5519999999999999
27208,0.057999999999999996,0.28600000000000003,0.656
27209,0.176,0.22999999999999998,0.594
27210,0.092,0.49000000000000005,0.418
27211,0.06999999999999999,0.236,0.6940000000000002
27212,0.096,0.19,0.7140000000000001
27213,0.10200000000000001,0.172,0.726
27214,0.066,0.31999999999999995,0.614
27215,0.1,0.546,0.354
27216,0.32,0.128,0.5519999999999999
27217,0.32799999999999996,0.21799999999999997,0.454
27218,0.166,0.238,0.596
27219,0.11000000000000001,0.49800000000000005,0.392
27220,0.074,0.40800000000000003,0.518
27221,0.176,0.35600000000000004,0.4680000000000001
27222,0.11599999999999999,0.41,0.47400000000000003
27223,0.10800000000000001,0.27599999999999997,0.616
27224,0.032,0.36,0.608
27225,0.132,0.22599999999999998,0.642
27226,0.30800000000000005,0.32,0.372
27227,0.12400000000000003,0.48600000000000004,0.39
27228,0.084,0.434,0.48200000000000004
27229,0.066,0.372,0.562
27230,0.128,0.294,0.578
27231,0.094,0.524,0.382
27232,0.10600000000000001,0.338,0.556
27233,0.28800000000000003,0.254,0.458
27234,0.10200000000000001,0.33199999999999996,0.5660000000000001
27235,0.066,0.26799999999999996,0.666
27236,0.188,0.564,0.248
27237,0.16399999999999998,0.42400000000000004,0.41200000000000003
27238,0.118,0.28400000000000003,0.5980000000000001
27239,0.14600000000000002,0.272,0.5820000000000001
27240,0.16,0.372,0.46799999999999997
27241,0.31399999999999995,0.3,0.386
27242,0.22599999999999998,0.13599999999999998,0.638
27243,0.16,0.272,0.568
27244,0.19,0.302,0.508
27245,0.092,0.282,0.626
27246,0.066,0.322,0.6119999999999999
27247,0.126,0.264,0.6100000000000001
27248,0.094,0.398,0.508
27249,0.076,0.37,0.5539999999999999
27250,0.07799999999999999,0.31,0.6119999999999999
27251,0.034,0.454,0.5119999999999999
27252,0.4,0.23399999999999999,0.36600000000000005
27253,0.03,0.45599999999999996,0.514
27254,0.032,0.578,0.39
27255,0.10800000000000001,0.38999999999999996,0.502
27256,0.144,0.388,0.46799999999999997
27257,0.12,0.29,0.5900000000000001
27258,0.144,0.296,0.56
27259,0.12000000000000002,0.332,0.548
27260,0.292,0.284,0.42400000000000004
27261,0.092,0.26,0.648
27262,0.118,0.30199999999999994,0.5800000000000001
27263,0.12400000000000003,0.48600000000000004,0.39
27264,0.094,0.22999999999999998,0.6759999999999999
27265,0.096,0.21200000000000002,0.692
27266,0.156,0.28600000000000003,0.558
27267,0.192,0.306,0.502
27268,0.176,0.30600000000000005,0.518
27269,0.057999999999999996,0.28600000000000003,0.656
27270,0.09,0.3,0.61
27271,0.164,0.336,0.5
27272,0.17,0.248,0.582
27273,0.19,0.266,0.544
27274,0.118,0.22400000000000003,0.658
27275,0.076,0.25400000000000006,0.6699999999999999
27276,0.05600000000000001,0.5780000000000001,0.36599999999999994
27277,0.074,0.422,0.5039999999999999
27278,0.124,0.33,0.546
27279,0.13,0.29200000000000004,0.578
27280,0.11000000000000001,0.286,0.604
27281,0.184,0.316,0.5000000000000001
27282,0.066,0.20400000000000001,0.7300000000000001
27283,0.154,0.186,0.66
27284,0.118,0.31,0.5720000000000001
27285,0.20800000000000002,0.30199999999999994,0.49000000000000005
27286,0.15,0.554,0.296
27287,0.16999999999999998,0.22999999999999998,0.6
27288,0.05,0.28,0.6699999999999999
27289,0.17400000000000002,0.29000000000000004,0.5359999999999999
27290,0.08600000000000001,0.40599999999999997,0.508
27291,0.18000000000000002,0.378,0.442
27292,0.122,0.5439999999999999,0.33399999999999996
27293,0.16599999999999998,0.27,0.564
27294,0.23400000000000004,0.274,0.492
27295,0.074,0.27,0.656
27296,0.128,0.46799999999999997,0.4039999999999999
27297,0.22199999999999998,0.438,0.33999999999999997
27298,0.06999999999999999,0.622,0.308
27299,0.10799999999999998,0.39599999999999996,0.496
27300,0.28800000000000003,0.254,0.458
27301,0.10400000000000001,0.202,0.694
27302,0.28,0.42000000000000004,0.3
27303,0.072,0.16399999999999998,0.764
27304,0.088,0.21200000000000002,0.7
27305,0.15,0.24,0.61
27306,0.10999999999999999,0.18,0.71
27307,0.09,0.3,0.61
27308,0.23600000000000004,0.25,0.514
27309,0.068,0.252,0.68
27310,0.134,0.28,0.586
27311,0.124,0.254,0.6219999999999999
27312,0.156,0.196,0.6479999999999999
27313,0.082,0.39,0.5279999999999999
27314,0.17800000000000002,0.3,0.522
27315,0.052000000000000005,0.322,0.626
27316,0.082,0.28600000000000003,0.632
27317,0.142,0.402,0.45599999999999996
27318,0.05,0.44000000000000006,0.51
27319,0.11599999999999999,0.34600000000000003,0.538
27320,0.05,0.506,0.44399999999999995
27321,0.094,0.29200000000000004,0.614
27322,0.144,0.27199999999999996,0.584
27323,0.10800000000000001,0.30600000000000005,0.5860000000000001
27324,0.192,0.20600000000000002,0.6020000000000001
27325,0.10400000000000001,0.462,0.434
27326,0.27999999999999997,0.258,0.462
27327,0.244,0.366,0.38999999999999996
27328,0.154,0.186,0.66
27329,0.10800000000000001,0.312,0.58
27330,0.168,0.404,0.42800000000000005
27331,0.29400000000000004,0.252,0.454
27332,0.068,0.332,0.5999999999999999
27333,0.054000000000000006,0.374,0.5719999999999998
27334,0.1,0.256,0.644
27335,0.11800000000000002,0.246,0.636
27336,0.288,0.22199999999999998,0.49000000000000005
27337,0.43200000000000005,0.24,0.32799999999999996
27338,0.096,0.39,0.514
27339,0.092,0.392,0.5159999999999999
27340,0.05600000000000001,0.274,0.6699999999999999
27341,0.16,0.272,0.5679999999999998
27342,0.152,0.38,0.46799999999999997
27343,0.1,0.268,0.632
27344,0.168,0.27999999999999997,0.552
27345,0.20800000000000002,0.248,0.5439999999999999
27346,0.158,0.5599999999999999,0.28200000000000003
27347,0.244,0.398,0.358
27348,0.13,0.264,0.6060000000000001
27349,0.034,0.268,0.6980000000000001
27350,0.064,0.21200000000000002,0.724
27351,0.066,0.20600000000000002,0.728
27352,0.156,0.282,0.5619999999999999
27353,0.118,0.308,0.5740000000000001
27354,0.164,0.4960000000000001,0.34
27355,0.122,0.24,0.6380000000000001
27356,0.07,0.246,0.6839999999999999
27357,0.11200000000000002,0.356,0.532
27358,0.068,0.24200000000000005,0.6900000000000001
27359,0.15600000000000003,0.312,0.5319999999999999
27360,0.08600000000000001,0.26999999999999996,0.6439999999999999
27361,0.072,0.59,0.33799999999999997
27362,0.154,0.386,0.45999999999999996
27363,0.238,0.176,0.586
27364,0.094,0.23399999999999999,0.6719999999999999
27365,0.178,0.3,0.522
27366,0.142,0.4699999999999999,0.388
27367,0.192,0.308,0.5
27368,0.40800000000000003,0.25999999999999995,0.332
27369,0.2859999999999999,0.26800000000000007,0.446
27370,0.51,0.22999999999999998,0.26
27371,0.30999999999999994,0.182,0.508
27372,0.054000000000000006,0.286,0.6599999999999999
27373,0.21800000000000003,0.334,0.44800000000000006
27374,0.20600000000000002,0.36,0.434
27375,0.10800000000000001,0.374,0.518
27376,0.144,0.264,0.592
27377,0.126,0.40199999999999997,0.472
27378,0.2,0.5559999999999999,0.244
27379,0.394,0.28200000000000003,0.324
27380,0.28,0.42000000000000004,0.3
27381,0.09,0.32599999999999996,0.584
27382,0.124,0.39,0.48599999999999993
27383,0.08600000000000001,0.22000000000000003,0.694
27384,0.118,0.46799999999999997,0.414
27385,0.30799999999999994,0.21400000000000002,0.4779999999999999
27386,0.11200000000000002,0.22999999999999998,0.658
27387,0.076,0.54,0.384
27388,0.08600000000000001,0.332,0.5820000000000001
27389,0.09,0.384,0.526
27390,0.15,0.254,0.596
27391,0.20999999999999996,0.288,0.502
27392,0.126,0.398,0.476
27393,0.064,0.21200000000000002,0.724
27394,0.07,0.372,0.558
27395,0.11000000000000001,0.402,0.488
27396,0.054000000000000006,0.602,0.344
27397,0.04,0.6900000000000001,0.27
27398,0.124,0.38999999999999996,0.48599999999999993
27399,0.052000000000000005,0.5820000000000001,0.366
27400,0.062,0.21600000000000003,0.7220000000000001
27401,0.268,0.308,0.42399999999999993
27402,0.052000000000000005,0.324,0.624
27403,0.122,0.248,0.63
27404,0.09,0.42399999999999993,0.48599999999999993
27405,0.162,0.30200000000000005,0.536
27406,0.078,0.198,0.724
27407,0.024,0.264,0.712
27408,0.034,0.4860000000000001,0.48
27409,0.054000000000000006,0.656,0.29
27410,0.12599999999999997,0.238,0.636
27411,0.074,0.35,0.576
27412,0.14400000000000002,0.348,0.508
27413,0.11400000000000002,0.162,0.724
27414,0.13,0.4,0.47000000000000003
27415,0.174,0.188,0.638
27416,0.17400000000000002,0.184,0.642
27417,0.046,0.246,0.708
27418,0.038,0.268,0.694
27419,0.1,0.6660000000000001,0.23400000000000004
27420,0.146,0.28800000000000003,0.5660000000000001
27421,0.192,0.266,0.542
27422,0.082,0.25,0.6679999999999999
27423,0.15999999999999998,0.392,0.44800000000000006
27424,0.128,0.27,0.6020000000000001
27425,0.24000000000000005,0.27,0.48999999999999994
27426,0.094,0.20400000000000001,0.702
27427,0.066,0.372,0.562
27428,0.126,0.27199999999999996,0.602
27429,0.12600000000000003,0.34199999999999997,0.532
27430,0.496,0.152,0.352
27431,0.21600000000000003,0.242,0.542
27432,0.10800000000000001,0.45,0.442
27433,0.374,0.348,0.278
27434,0.2,0.21999999999999997,0.58
27435,0.118,0.5479999999999999,0.334
27436,0.11200000000000002,0.238,0.6500000000000001
27437,0.11400000000000002,0.256,0.6300000000000001
27438,0.16,0.29800000000000004,0.542
27439,0.046,0.30799999999999994,0.6460000000000001
27440,0.176,0.256,0.568
27441,0.21400000000000002,0.22199999999999998,0.5640000000000001
27442,0.18,0.302,0.518
27443,0.06999999999999999,0.402,0.5279999999999999
27444,0.054000000000000006,0.32599999999999996,0.6199999999999999
27445,0.14200000000000002,0.366,0.492
27446,0.132,0.304,0.5640000000000001
27447,0.074,0.554,0.372
27448,0.074,0.422,0.5039999999999999
27449,0.086,0.22399999999999998,0.69
27450,0.152,0.5000000000000001,0.348
27451,0.11600000000000002,0.16799999999999998,0.716
27452,0.202,0.242,0.556
27453,0.11399999999999999,0.542,0.34400000000000003
27454,0.044,0.146,0.8099999999999999
27455,0.184,0.28600000000000003,0.53
27456,0.08600000000000001,0.32399999999999995,0.5900000000000001
27457,0.10600000000000001,0.312,0.5820000000000001
27458,0.08199999999999999,0.45600000000000007,0.462
27459,0.446,0.30000000000000004,0.254
27460,0.23600000000000004,0.182,0.582
27461,0.162,0.252,0.586
27462,0.098,0.556,0.346
27463,0.16199999999999998,0.34199999999999997,0.496
27464,0.05600000000000001,0.388,0.556
27465,0.20800000000000002,0.248,0.5439999999999999
27466,0.138,0.32,0.542
27467,0.084,0.28200000000000003,0.634
27468,0.10600000000000001,0.20800000000000002,0.6859999999999999
27469,0.16799999999999998,0.434,0.39799999999999996
27470,0.14,0.376,0.484
27471,0.2,0.366,0.434
27472,0.14600000000000002,0.294,0.56
27473,0.07999999999999999,0.318,0.602
27474,0.026000000000000002,0.40599999999999997,0.568
