index,0,1,2
26457,0.08347413724807266,0.06075770105743865,0.8557681616944887
26458,0.2615769421897089,0.09316755625883817,0.645255501551453
26459,0.18425211601500285,0.1629804772107293,0.6527674067742678
26460,0.13000336548681526,0.1294685704893653,0.7405280640238194
26461,0.08175724926304248,0.30586935681497407,0.6123733939219834
26462,0.07019156867139112,0.2879908678398759,0.641817563488733
26463,0.3996157177193899,0.153355181150831,0.447029101129779
26464,0.15984701550399968,0.2902890630062343,0.5498639214897659
26465,0.03536809754219549,0.09382928460010155,0.8708026178577029
26466,0.07461049454807886,0.3706128051152137,0.5547767003367075
26467,0.152177306672803,0.16885526048344715,0.6789674328437498
26468,0.10121142156665164,0.11648348280107494,0.7823050956322735
26469,0.25168938499611493,0.24239365772475652,0.5059169572791286
26470,0.13410315827411556,0.12838210898620356,0.7375147327396808
26471,0.08882761252350024,0.15225466124985543,0.7589177262266443
26472,0.2619844696328933,0.23420522186157391,0.5038103085055328
26473,0.09510029277977514,0.14408778216083903,0.7608119250593858
26474,0.3762199280272688,0.3573570267510607,0.26642304522167054
26475,0.16067357306089355,0.2303320567789524,0.6089943701601539
26476,0.044470061880981786,0.3059805453330317,0.6495493927859864
26477,0.10424059732357367,0.3150229573394411,0.5807364453369852
26478,0.0959910746810484,0.06416009806493939,0.8398488272540122
26479,0.05535623812618955,0.09600820795822315,0.8486355539155873
26480,0.05573117398602019,0.12938185256856843,0.8148869734454113
26481,0.08440092350025988,0.3709706837965229,0.5446283927032172
26482,0.09428115480725055,0.04945896140291265,0.8562598837898368
26483,0.031157892882476657,0.13412842704596578,0.8347136800715577
26484,0.1371390316492698,0.3631657459815007,0.49969522236922953
26485,0.08123512528850921,0.1431954929940242,0.7755693817174665
26486,0.13566108124114207,0.25642568631427715,0.6079132324445807
26487,0.05747565610812834,0.10687719763981895,0.8356471462520526
26488,0.1538846096529777,0.2806230618520537,0.5654923284949687
26489,0.0586392148890403,0.25918745791207376,0.6821733271988859
26490,0.1482799019238531,0.246989136702798,0.6047309613733489
26491,0.11773377827485085,0.16341136854979,0.7188548531753592
26492,0.09697269201910994,0.20939069184526785,0.6936366161356222
26493,0.20623934780937714,0.45055387282347253,0.3432067793671504
26494,0.08473505880785663,0.14168129108652777,0.7735836501056157
26495,0.04295017195273073,0.06785562602995329,0.8891942020173159
26496,0.2841680912831282,0.26065321235659816,0.4551786963602737
26497,0.10063634105818924,0.5921072668587829,0.3072563920830279
26498,0.17241008906986324,0.474347836731147,0.3532420741989897
26499,0.07888235584083483,0.17206748363856056,0.7490501605206047
26500,0.12620034540632813,0.23429829143955092,0.6395013631541209
26501,0.0880013285343631,0.14719620211800472,0.7648024693476321
26502,0.046726238809405976,0.06498378649169159,0.8882899746989024
26503,0.15003072031093928,0.4749644360073395,0.37500484368172116
26504,0.09265735778690384,0.5451829618465167,0.3621596803665795
26505,0.1020558125885449,0.14946686731881745,0.7484773200926377
26506,0.13878900538291206,0.5852275833587866,0.2759834112583013
26507,0.06140262642261731,0.35699675903360767,0.5816006145437751
26508,0.12784142161993525,0.26267627087966744,0.6094823075003972
26509,0.12191209471620834,0.08650256481319418,0.7915853404705975
26510,0.12189400260923702,0.11406182958961035,0.7640441678011526
26511,0.0903222214511257,0.11963747037536802,0.7900403081735062
26512,0.1604113700531245,0.45264530580616,0.38694332414071547
26513,0.08188902157865355,0.2739898835176654,0.6441210949036811
26514,0.09825022176236113,0.13254047594135393,0.7692093022962849
26515,0.3788451335961046,0.07020650870961884,0.5509483576942766
26516,0.1664045567706109,0.37773084377485133,0.4558645994545378
26517,0.18473878208701444,0.4145590741430986,0.40070214376988683
26518,0.1256507236331058,0.1462775264719057,0.7280717498949885
26519,0.20491033870191297,0.21066721937662666,0.5844224419214603
26520,0.02822393485675851,0.6512434408842968,0.32053262425894485
26521,0.14518560657488355,0.20672021453435488,0.6480941788907616
26522,0.14272974296836913,0.32734063698060617,0.5299296200510246
26523,0.06440332059080281,0.30900616752442434,0.6265905118847729
26524,0.06900987276948524,0.2670401006374462,0.6639500265930686
26525,0.1440245981875661,0.18870154837419922,0.6672738534382348
26526,0.08717216026702233,0.17810204751147818,0.7347257922214995
26527,0.08432717912161125,0.21139044876118626,0.7042823721172025
26528,0.14314442541037814,0.467599697073688,0.3892558775159338
26529,0.11751269577749594,0.10974068715264536,0.7727466170698587
26530,0.18414541469939963,0.19249552486133298,0.6233590604392674
26531,0.11082169328287579,0.20914431681708895,0.6800339899000354
26532,0.10436271179336487,0.17582391041066803,0.7198133777959671
26533,0.04030121022326015,0.1378314142895652,0.8218673754871746
26534,0.08882956636140148,0.14952455793492198,0.7616458757036766
26535,0.09780841823979651,0.16569178632375903,0.7364997954364445
26536,0.14527328667017025,0.178345849701333,0.6763808636284967
26537,0.05557763094972655,0.08720136739392262,0.857221001656351
26538,0.08972837077474052,0.17697526228137553,0.7332963669438839
26539,0.06218361032735013,0.19691905421724565,0.7408973354554043
26540,0.08947994660339553,0.6222602337167477,0.2882598196798568
26541,0.09050280840385813,0.17509639483593825,0.7344007967602036
26542,0.06371816512339998,0.15057025808849822,0.7857115767881018
26543,0.15151056220626005,0.13975430800359417,0.7087351297901459
26544,0.09686410976955694,0.13706447656058202,0.766071413669861
26545,0.14463259473358006,0.16846572177637595,0.6869016834900441
26546,0.06913379710770307,0.321340739533731,0.609525463358566
26547,0.07297760036594159,0.16033513010605727,0.7666872695280011
26548,0.10263889933054986,0.09639398762971559,0.8009671130397346
26549,0.07657211256577404,0.5058234198018943,0.41760446763233183
26550,0.1101689354078835,0.18193177554412499,0.7078992890479914
26551,0.06509226839953479,0.16394550462650995,0.7709622269739553
26552,0.010462417264325546,0.111630290245296,0.8779072924903785
26553,0.09549883802302207,0.10908968818741574,0.7954114737895621
26554,0.17801830655569556,0.2511044309644833,0.5708772624798211
26555,0.16634765531699575,0.2531194179120368,0.5805329267709675
26556,0.041137285040876326,0.19351291934729709,0.7653497956118266
26557,0.13188974118122895,0.08019049065078737,0.7879197681679837
26558,0.18719250700775666,0.1652385692661667,0.6475689237260766
26559,0.27203723822755616,0.10745771745240824,0.6205050443200355
26560,0.13462130080749657,0.3790561084489477,0.48632259074355566
26561,0.17130029779768657,0.09650951442782703,0.7321901877744864
26562,0.12461446041017663,0.15447050585197392,0.7209150337378494
26563,0.06665017787630031,0.12349649320216502,0.8098533289215346
26564,0.04799769696150602,0.13369633050593338,0.8183059725325605
26565,0.060630742834918004,0.3502442600764678,0.5891249970886141
26566,0.15202442568658595,0.152229467780714,0.6957461065327
26567,0.09574074307686309,0.1763772053746795,0.7278820515484574
26568,0.18640439946599832,0.3249697660632463,0.48862583447075536
26569,0.07305701822505115,0.15926833751193356,0.7676746442630152
26570,0.10193036897895728,0.21415459284410332,0.6839150381769394
26571,0.11353290319222109,0.139587869641197,0.746879227166582
26572,0.06778867453639724,0.3750303268384629,0.5571809986251398
26573,0.07609273539157495,0.1204047590317771,0.8035025055766478
26574,0.11057695824429432,0.10535393906137061,0.7840691026943352
26575,0.15765488529083704,0.3845658012572114,0.45777931345195155
26576,0.07132906633541912,0.11882675903428938,0.8098441746302916
26577,0.10267839992001168,0.17702391064918116,0.7202976894308071
26578,0.26701098513044397,0.3062380723691926,0.42675094250036344
26579,0.18211311060032281,0.4500833233086149,0.36780356609106224
26580,0.07316830755733104,0.05540425213998403,0.8714274403026849
26581,0.09619802436952499,0.08066536032895853,0.8231366153015166
26582,0.110891584409501,0.0717503267042148,0.8173580888862843
26583,0.09349799058088097,0.16024263651544857,0.7462593729036705
26584,0.06457563476367803,0.2064915100749511,0.7289328551613709
26585,0.14512908465853427,0.23776987696167073,0.6171010383797949
26586,0.1980982922786192,0.23365982319538775,0.568241884525993
26587,0.24618733705327997,0.4552408185547603,0.2985718443919597
26588,0.060819430776981834,0.21503960297403463,0.7241409662489836
26589,0.11327767713203096,0.13646947126763484,0.7502528516003342
26590,0.07154099467903927,0.3562922913068349,0.5721667140141258
26591,0.16681882360821623,0.25205885515336174,0.581122321238422
26592,0.27974047972448607,0.08945465454077954,0.6308048657347344
26593,0.1186956224703759,0.20566149725511265,0.6756428802745115
26594,0.17486625599742184,0.22758879058835527,0.597544953414223
26595,0.04998457651162955,0.10774497456662258,0.8422704489217478
26596,0.0483153807857207,0.11548785827675052,0.8361967609375288
26597,0.14689671793530676,0.481542400251573,0.3715608818131203
26598,0.19158414163324394,0.1772571200409669,0.6311587383257893
26599,0.251950627229754,0.33773637472302026,0.4103129980472258
26600,0.05545321259679682,0.11440603031730776,0.8301407570858954
26601,0.05025645568838889,0.17074160979560019,0.779001934516011
26602,0.030212410250074467,0.1540720820128522,0.8157155077370734
26603,0.10442849604907678,0.07569871662547693,0.8198727873254462
26604,0.10406715707915173,0.23710197852903048,0.6588308643918178
26605,0.07827418155822495,0.127841761220135,0.79388405722164
26606,0.2541403309210485,0.2662461183145487,0.47961355076440276
26607,0.08315089633481046,0.4195182766612097,0.4973308270039798
26608,0.0414909186796404,0.20938672945082945,0.7491223518695301
26609,0.12370799190875018,0.13911613462432662,0.7371758734669231
26610,0.17941898607287457,0.2719584613756951,0.5486225525514303
26611,0.0926496731441539,0.20544281573443932,0.7019075111214068
26612,0.11244178799742424,0.4159364324978535,0.4716217795047223
26613,0.16392009945967978,0.24088163408453597,0.5951982664557842
26614,0.06583880502590338,0.10284918302287158,0.8313120119512251
26615,0.07044116812839145,0.1115088386855279,0.8180499931860806
26616,0.16196446125933503,0.13646055311571317,0.7015749856249518
26617,0.27683277249816235,0.33363959328485393,0.3895276342169837
26618,0.14542766051495537,0.19507601909354882,0.6594963203914957
26619,0.23784715792976163,0.4838049407046497,0.27834790136558873
26620,0.17199869435424714,0.2903699136147053,0.5376313920310476
26621,0.05585751791508311,0.08883890836052652,0.8553035737243903
26622,0.17134962163129513,0.22856851208361345,0.6000818662850914
26623,0.032333205505965336,0.5017759004738548,0.4658908940201799
26624,0.07145169659980732,0.19734472832418945,0.7312035750760033
26625,0.14938150900135852,0.19574133884644004,0.6548771521522013
26626,0.20952565073560211,0.15200520731105663,0.6384691419533414
26627,0.0938121913540286,0.18038509872692068,0.7258027099190507
26628,0.04711697424075932,0.170943599855977,0.7819394259032636
26629,0.051584807372565725,0.14444596888109457,0.8039692237463395
26630,0.065931846226736,0.5475036560425833,0.3865644977306807
26631,0.09097401241956107,0.09597515170603181,0.813050835874407
26632,0.09444856688673924,0.161171401248239,0.7443800318650217
26633,0.14695203452165967,0.14197484936657148,0.7110731161117688
26634,0.05533545847363645,0.12676520201231728,0.8178993395140461
26635,0.12567163302048662,0.1905278663847176,0.6838005005947958
26636,0.10282621536362528,0.17684944706771027,0.7203243375686643
26637,0.04762231101721286,0.1449427504131098,0.8074349385696774
26638,0.09231068158737823,0.4375239569508983,0.47016536146172355
26639,0.09210128161113551,0.17789859127439817,0.7300001271144663
26640,0.0662452740700122,0.11086603225880254,0.8228886936711852
26641,0.3376139059039565,0.5682234530147681,0.09416264108127552
26642,0.13320441303580874,0.10911474281124507,0.7576808441529462
26643,0.11805849252927125,0.18935593058030958,0.6925855768904191
26644,0.025934349445199983,0.10424773600305826,0.8698179145517416
26645,0.09633352812723692,0.194526813517884,0.7091396583548791
26646,0.5229313560164581,0.19808485921933314,0.2789837847642088
26647,0.21120459816565534,0.16871013888276976,0.620085262951575
26648,0.12392821872257495,0.49093011420189503,0.38514166707553
26649,0.09229882270611343,0.14512906690844551,0.762572110385441
26650,0.11061571911241044,0.39182008666962714,0.49756419421796244
26651,0.09660367880486805,0.4271402074920583,0.4762561137030737
26652,0.20855652058630042,0.05896524555161775,0.7324782338620819
26653,0.2292039492706873,0.10920629979372136,0.6615897509355914
26654,0.13725541594838156,0.39892763973772205,0.4638169443138964
26655,0.12124092963841096,0.24206791681362527,0.6366911535479638
26656,0.2472045908650204,0.15081987772475114,0.6019755314102285
26657,0.09000444950131756,0.13762768467520395,0.7723678658234785
26658,0.08966053118683832,0.2249674869425431,0.6853719818706187
26659,0.1662772875365019,0.3732527441881176,0.46046996827538045
26660,0.09855461610122832,0.15298410987090885,0.7484612740278628
26661,0.20826276755508885,0.29076636614284757,0.5009708663020636
26662,0.018528930438463324,0.4752603197788609,0.5062107497826757
26663,0.0876021634036078,0.12423063624598232,0.7881672003504099
26664,0.140603978601856,0.17020608942247223,0.6891899319756718
26665,0.16079936577539194,0.1976222359437804,0.6415783982808276
26666,0.049491942314550605,0.448604342667039,0.5019037150184104
26667,0.07827418155822495,0.127841761220135,0.79388405722164
26668,0.1164421070432046,0.23583563787626005,0.6477222550805354
26669,0.061165186118127934,0.4131501333320431,0.5256846805498291
26670,0.2751075412009622,0.36207469441079254,0.3628177643882452
26671,0.12722945569368088,0.09685663373091465,0.7759139105754046
26672,0.08751579232595066,0.1645099843420031,0.7479742233320462
26673,0.19120197911101203,0.11403902282353055,0.6947589980654574
26674,0.2287815029883021,0.0733616539814436,0.6978568430302543
26675,0.18932645128833187,0.15141519184169444,0.6592583568699737
26676,0.10817612989637566,0.3029525283486259,0.5888713417549984
26677,0.037462782297754606,0.11457781186864464,0.8479594058336009
26678,0.18524975576052186,0.20977992560915118,0.604970318630327
26679,0.127749682375577,0.12206243242534305,0.75018788519908
26680,0.03901139281204752,0.1476258612165797,0.8133627459713729
26681,0.09252754812870394,0.10125380825550274,0.8062186436157933
26682,0.12312223811300338,0.3989629362220225,0.4779148256649742
26683,0.0275868848060991,0.2570826826456528,0.715330432548248
26684,0.057987442372618006,0.1375568997289091,0.8044556578984728
26685,0.08210514416462618,0.20528430944700632,0.7126105463883675
26686,0.07552580273783695,0.3119085654403611,0.6125656318218019
26687,0.17199869435424714,0.2903699136147053,0.5376313920310476
26688,0.14467892789412912,0.7274017543845713,0.12791931772129966
26689,0.04648998958191173,0.15620602587565355,0.7973039845424348
26690,0.0754288752384688,0.1586956052667582,0.7658755194947731
26691,0.1405584325501627,0.45075566373947584,0.4086859037103614
26692,0.040805614491310226,0.39087427329873325,0.5683201122099566
26693,0.35539340648223,0.10165592787048436,0.5429506656472857
26694,0.21828951880332986,0.3038822875821256,0.47782819361454454
26695,0.1676410397223789,0.3009605073333199,0.5313984529443012
26696,0.09510029277977514,0.14408778216083903,0.7608119250593858
26697,0.10026150027817748,0.085990290374422,0.8137482093474006
26698,0.07644892422295461,0.07927083120652283,0.8442802445705226
26699,0.23832876600499805,0.33369001699659273,0.42798121699840924
26700,0.04356367534805688,0.24511168245276646,0.7113246421991767
26701,0.06833948120431774,0.1820758693537889,0.7495846494418934
26702,0.11901531835337091,0.3459926935319551,0.534991988114674
26703,0.15048129669393523,0.29396571333970045,0.5555529899663644
26704,0.0414388447161085,0.16282986824672016,0.7957312870371714
26705,0.09433564199385115,0.10678291447506238,0.7988814435310865
26706,0.044512255148215656,0.1887572442425391,0.7667305006092452
26707,0.2634823104196322,0.15208034791645864,0.5844373416639091
26708,0.15534387240685793,0.2846254305742096,0.5600306970189325
26709,0.04889320589780884,0.12989485350134672,0.8212119406008445
26710,0.1252731195601624,0.3307744087486747,0.5439524716911629
26711,0.12955960660630753,0.15478718983814516,0.7156532035555474
26712,0.12143910237983777,0.18676925938397176,0.6917916382361904
26713,0.22465314134228617,0.2863734631884716,0.48897339546924223
26714,0.10531566240822268,0.3122526819556021,0.5824316556361753
26715,0.11139800288744899,0.14461343917559494,0.7439885579369563
26716,0.1708368072173057,0.3706564397048377,0.45850675307785665
26717,0.09715751970414158,0.13123040818537796,0.7716120721104804
26718,0.06849509784673953,0.14416276621676027,0.7873421359365002
26719,0.140495844418212,0.48657911427590095,0.372925041305887
26720,0.09952500395569949,0.2189736293282559,0.6815013667160446
26721,0.09540966200001294,0.16525795092710394,0.7393323870728832
26722,0.12347531671174897,0.3158472826115616,0.5606774006766895
26723,0.1579908219684665,0.1677429359366378,0.6742662420948957
26724,0.06943741981194292,0.16951656175121405,0.7610460184368432
26725,0.03834737655503343,0.6445739037154182,0.31707871972954826
26726,0.09651560644190961,0.33341305102629076,0.5700713425317996
26727,0.1823333942824795,0.23235532145394724,0.5853112842635733
26728,0.09428052986611621,0.3169596024224842,0.5887598677113995
26729,0.08613010984054634,0.21192474686749546,0.7019451432919582
26730,0.2019684182765838,0.5156728283566502,0.2823587533667659
26731,0.04018732884370339,0.17130136464133014,0.7885113065149664
26732,0.1429879542301427,0.30516269905455595,0.5518493467153014
26733,0.09298904360804632,0.13414647025579712,0.7728644861361564
26734,0.08347413724807266,0.06075770105743865,0.8557681616944887
26735,0.13165400061729868,0.3288674486744228,0.5394785507082785
26736,0.09437853092422929,0.19504023045084162,0.7105812386249291
26737,0.15177699349188814,0.12189521755589987,0.7263277889522121
26738,0.03131888732267964,0.11802415224178575,0.8506569604355345
26739,0.293495906472054,0.12785813723382117,0.5786459562941249
26740,0.04263522790043146,0.1812537749178708,0.7761109971816976
26741,0.1173235080725499,0.26190223804949386,0.6207742538779563
26742,0.04683538345988049,0.15262642891699757,0.8005381876231219
26743,0.1541985035134766,0.16279158606779034,0.683009910418733
26744,0.11709733004142882,0.22457625888996674,0.6583264110686046
26745,0.06410424528803844,0.1382506802280164,0.7976450744839452
26746,0.12000585051154186,0.09830697720064902,0.7816871722878093
26747,0.23384494496396463,0.6161850085495526,0.14997004648648266
26748,0.13578912041498795,0.4485834207933753,0.4156274587916367
26749,0.07507850052561967,0.24097212788081013,0.6839493715935702
26750,0.03978362884464529,0.06901915225679414,0.8911972188985606
26751,0.07193296824290611,0.04662094881826903,0.8814460829388248
26752,0.023049653422801145,0.6729867139446929,0.3039636326325059
26753,0.10099926903850634,0.13121539823877634,0.7677853327227173
26754,0.08952404325129307,0.06235274044764279,0.8481232163010641
26755,0.029319466311052384,0.06481833310376181,0.9058622005851857
26756,0.17486098899549785,0.08946929983713092,0.7356697111673713
26757,0.11213490535183779,0.20180560338055317,0.6860594912676091
26758,0.06711876578034943,0.200488747022498,0.7323924871971526
26759,0.0747393123145253,0.3915205394315006,0.5337401482539741
26760,0.1707771033166658,0.6383169413308759,0.19090595535245827
26761,0.044468281076584265,0.23279734941479133,0.7227343695086244
26762,0.10023422444658006,0.21657832177150368,0.6831874537819163
26763,0.052394834988586034,0.08310256588105822,0.8645025991303557
26764,0.09666850763581583,0.2578951477845036,0.6454363445796806
26765,0.10335464303508339,0.05071399104287068,0.845931365922046
26766,0.027515013713764757,0.41755444724961466,0.5549305390366206
26767,0.09550595487381983,0.30380661236614925,0.6006874327600309
26768,0.0383178716947988,0.548969678627566,0.41271244967763526
26769,0.0869574516567379,0.3359151547321759,0.5771273936110862
26770,0.13477101013376988,0.27527711693068646,0.5899518729355436
26771,0.09484305923262261,0.434926228937211,0.47023071183016646
26772,0.31971069326732565,0.11456363005346089,0.5657256766792134
26773,0.03999955992570304,0.11966075362550241,0.8403396864487946
26774,0.10742745111878735,0.19367322385893215,0.6988993250222805
26775,0.1052342490726842,0.25666674772083986,0.6380990032064761
26776,0.10306721123620462,0.06646575241951277,0.8304670363442825
26777,0.06839384740113773,0.09050912794386594,0.8410970246549964
26778,0.05891187126481454,0.13239133478716741,0.8086967939480181
26779,0.12928483388215178,0.17576478677989624,0.694950379337952
26780,0.06183750917467583,0.20180601768484818,0.736356473140476
26781,0.04685972845324261,0.15113441781671616,0.8020058537300411
26782,0.06654984297200434,0.20491098430460072,0.728539172723395
26783,0.1548877110121195,0.35143729869991336,0.49367499028796713
26784,0.11855109289374677,0.33346183133464047,0.5479870757716128
26785,0.16814426273574917,0.41319323475985037,0.4186625025044005
26786,0.38166269003880454,0.14078088366567704,0.4775564262955186
26787,0.04237107766721046,0.07970872810936286,0.8779201942234266
26788,0.2001082521501747,0.183253554472756,0.6166381933770693
26789,0.1667711851089317,0.4985516027633084,0.33467721212775986
26790,0.02990018145132787,0.1434307807681721,0.8266690377805
26791,0.07394884845040806,0.14161151356545337,0.7844396379841385
26792,0.07037081466888459,0.17673340041341815,0.7528957849176973
26793,0.09338518592750121,0.18506738604208586,0.7215474280304129
26794,0.13468358646879858,0.37827757786174054,0.4870388356694608
26795,0.04430670424301682,0.14440648756998042,0.8112868081870028
26796,0.07325530844213088,0.6478729508837807,0.27887174067408826
26797,0.1337781331611696,0.1697681030236517,0.6964537638151788
26798,0.24288177366673863,0.2774968180829538,0.47962140825030763
26799,0.07888235584083483,0.17206748363856056,0.7490501605206047
26800,0.0253601975558302,0.5813292246363921,0.3933105778077777
26801,0.1164421070432046,0.23583563787626005,0.6477222550805354
26802,0.08516306815394328,0.32832567152526876,0.586511260320788
26803,0.1085762630565397,0.18677087882999566,0.7046528581134647
26804,0.03903045934903564,0.16735391747357017,0.7936156231773942
26805,0.02117066324248918,0.16733306252773533,0.8114962742297754
26806,0.08192980610032696,0.2033593866973517,0.7147108072023213
26807,0.11073983194638885,0.20311086481058518,0.6861493032430259
26808,0.01911037244760965,0.20789370679948888,0.7729959207529016
26809,0.1453186313057498,0.3119968990860734,0.5426844696081768
26810,0.01639632065979086,0.32590070429509,0.6577029750451191
26811,0.09179393266155002,0.12166772149134977,0.7865383458471001
26812,0.15504789341413525,0.22087168256439277,0.6240804240214719
26813,0.11639181215548385,0.40875362338586674,0.47485456445864943
26814,0.1791506952442594,0.12646671317822833,0.6943825915775124
26815,0.11794151326590477,0.1916185158772616,0.6904399708568336
26816,0.06972380279670093,0.17191273743959118,0.7583634597637079
26817,0.09462196966391476,0.09263917736934199,0.8127388529667433
26818,0.19327473972874012,0.19403934407620857,0.6126859161950513
26819,0.060477979040657104,0.2108916960632859,0.7286303248960571
26820,0.07266987879657336,0.43940220506961525,0.4879279161338113
26821,0.1709634479245537,0.4756816905241438,0.3533548615513024
26822,0.1273337585732489,0.1494626120941846,0.7232036293325665
26823,0.06490206464957102,0.0637140105728568,0.8713839247775722
26824,0.0676787583439196,0.16500257324589782,0.7673186684101827
26825,0.09330106789473107,0.3177754867705903,0.5889234453346787
26826,0.10091997073646866,0.07788993896565535,0.821190090297876
26827,0.07975713605322524,0.18154699054759638,0.7386958733991784
26828,0.08383642433333191,0.16124642267596484,0.7549171529907033
26829,0.07127958679926236,0.09808583218477882,0.8306345810159588
26830,0.07295617127492668,0.22381872796494431,0.7032251007601289
26831,0.11373347682484773,0.09425258638566905,0.7920139367894833
26832,0.05235493998142694,0.12287835010661632,0.8247667099119568
26833,0.10397504225571581,0.19223530137732067,0.7037896563669636
26834,0.07436817463143905,0.25329075695077846,0.6723410684177825
26835,0.3065009880606192,0.11094386675383831,0.5825551451855425
26836,0.22772074708753673,0.32352799032010593,0.4487512625923573
26837,0.14922466539283752,0.09769459961645895,0.7530807349907034
26838,0.11990372862732905,0.25004700261452084,0.6300492687581501
26839,0.5019288070607579,0.10114385201261959,0.39692734092662246
26840,0.3549609086650302,0.29777933782312854,0.34725975351184124
26841,0.03938345351383406,0.1085764088159367,0.8520401376702292
26842,0.05922280160908351,0.2524315405453744,0.688345657845542
26843,0.08061552680668657,0.1326604245623167,0.7867240486309968
26844,0.06286641959006505,0.723332434160399,0.2138011462495359
26845,0.4419836761841184,0.07919806602725143,0.47881825778863013
26846,0.09633352812723692,0.194526813517884,0.7091396583548791
26847,0.11397592849943142,0.38154117337040044,0.5044828981301682
26848,0.18514108160938575,0.2176835000598163,0.5971754183307979
26849,0.10308866132437333,0.19618769183394508,0.7007236468416815
26850,0.056480614584390985,0.22780026515646634,0.7157191202591427
26851,0.08467600288771997,0.20034332775590014,0.7149806693563798
26852,0.1724262465565874,0.40836486422424007,0.4192088892191725
26853,0.08383694817413118,0.1244111557818361,0.7917518960440327
26854,0.1802405303016335,0.4948971743595438,0.32486229533882266
26855,0.0771299870944554,0.2631261086550233,0.6597439042505213
26856,0.16062038275762908,0.2003724865419283,0.6390071307004426
26857,0.11983322316851082,0.2101741937326366,0.6699925830988527
26858,0.06803712965668124,0.6817686195328042,0.25019425081051455
26859,0.055981727472741126,0.4776764946047016,0.4663417779225574
26860,0.11981075724879005,0.44416686627407664,0.43602237647713327
26861,0.20028262482427647,0.3143306755629891,0.4853866996127344
26862,0.13668267720152777,0.199159349179143,0.6641579736193293
26863,0.0345774938853032,0.17265773712601037,0.7927647689886863
26864,0.07773029448056953,0.40473703729032595,0.5175326682291045
26865,0.0443904898176729,0.21374186106100151,0.7418676491213254
26866,0.09134922070579883,0.1658627410866484,0.7427880382075527
26867,0.06830586677322556,0.11280188337593841,0.818892249850836
26868,0.04149748160864253,0.09276198862120676,0.8657405297701507
26869,0.03266308983222445,0.030869645652142313,0.9364672645156332
26870,0.083541605876241,0.4321836029850939,0.484274791138665
26871,0.11509573438156226,0.3672141605195905,0.5176901050988472
26872,0.0510020934045437,0.18409270612773057,0.7649052004677259
26873,0.10251222002622004,0.21108487864568035,0.6864029013280997
26874,0.07110221959726253,0.12477951116032751,0.8041182692424099
26875,0.05187278451730498,0.1566122790470788,0.7915149364356162
26876,0.06283197072971917,0.2136513102917564,0.7235167189785244
26877,0.07175253163875527,0.19985593771957239,0.7283915306416723
26878,0.10087788807678985,0.19975490080044248,0.6993672111227677
26879,0.1314843249892822,0.14867187898520445,0.7198437960255134
26880,0.1740476962140806,0.16149256903421003,0.6644597347517094
26881,0.05587154370752199,0.20204116438405667,0.7420872919084214
26882,0.0982783029089033,0.16018825645748094,0.7415334406336157
26883,0.048797384852133266,0.14767312760372592,0.8035294875441409
26884,0.08738021218642969,0.320954166822451,0.5916656209911194
26885,0.1352558824079506,0.3964999907202572,0.46824412687179223
26886,0.06989442519658284,0.11869486569726007,0.8114107091061571
26887,0.054005497178390836,0.16914387343526777,0.7768506293863415
26888,0.20122854634742318,0.09671376693635694,0.7020576867162199
26889,0.06439367812186644,0.18477800894447444,0.7508283129336591
26890,0.08781445550805597,0.27236412957936695,0.639821414912577
26891,0.12355438978341356,0.3246439180410821,0.5518016921755043
26892,0.2846969637598506,0.10325079499178458,0.6120522412483649
26893,0.07644892422295461,0.07927083120652283,0.8442802445705226
26894,0.09454316076921745,0.2243218854753417,0.6811349537554409
26895,0.1415839950014665,0.16146501431638544,0.696950990682148
26896,0.08482840211219414,0.2024257028038555,0.7127458950839504
26897,0.12459472676789023,0.2156468296886259,0.6597584435434839
26898,0.0596187377963208,0.125334157819795,0.8150471043838842
26899,0.062103842398038414,0.22671339369250929,0.7111827639094523
26900,0.07754879973492404,0.14552068287041625,0.7769305173946598
26901,0.08857857257110414,0.30334392949497185,0.6080774979339241
26902,0.030385404682199267,0.0356840733341304,0.9339305219836703
26903,0.09468665190867857,0.2161293763192469,0.6891839717720745
26904,0.21857872069655399,0.3050020365891907,0.4764192427142553
26905,0.10405744268783468,0.14787936390836895,0.7480631934037965
26906,0.029748860089283635,0.13736161060519983,0.8328895293055167
26907,0.1541985035134766,0.16279158606779034,0.683009910418733
26908,0.07325821796787357,0.2615006208536363,0.6652411611784902
26909,0.05698978861900215,0.6665638073412659,0.2764464040397319
26910,0.05410272059919874,0.26887187118124095,0.6770254082195601
26911,0.11493790651288407,0.14408619820136767,0.7409758952857483
26912,0.062245063592104945,0.11100260296138124,0.8267523334465137
26913,0.22851250592103606,0.18148036087704972,0.5900071332019143
26914,0.1101689354078835,0.18193177554412499,0.7078992890479914
26915,0.09444234014640382,0.24998669257977396,0.6555709672738222
26916,0.0856134451797477,0.6811591495579947,0.23322740526225755
26917,0.12105199883730573,0.15328014719783822,0.725667853964856
26918,0.13700282487666235,0.27705427421284107,0.5859429009104966
26919,0.6157350855808104,0.10853531657863003,0.2757295978405596
26920,0.06624816789266429,0.4720021984105422,0.46174963369679345
26921,0.03928980877046223,0.4340214023238672,0.5266887889056706
26922,0.054394981896932794,0.7141164731388958,0.2314885449641714
26923,0.07812099757971214,0.1181307768807662,0.8037482255395216
26924,0.13719381126872232,0.3754412931463524,0.48736489558492535
26925,0.0689610785531781,0.1265950669293556,0.8044438545174663
26926,0.1144415658489634,0.5243704560779285,0.361187978073108
26927,0.04789757295993432,0.23201890353822902,0.7200835235018367
26928,0.11599408936228725,0.41116240179723107,0.4728435088404817
26929,0.11028967748139096,0.3857675556827471,0.5039427668358618
26930,0.06945562812976681,0.25713712670496824,0.6734072451652648
26931,0.13422941099578312,0.4465831789425576,0.41918741006165927
26932,0.07763539037626829,0.23313300385088187,0.6892316057728498
26933,0.3345017976930048,0.12510145634768866,0.5403967459593066
26934,0.03216372020624199,0.11953920030077911,0.848297079492979
26935,0.11097274913187023,0.2781396228573771,0.6108876280107527
26936,0.04056142668118269,0.1390895258150251,0.8203490475037922
26937,0.1787644382629104,0.23584784012619275,0.5853877216108969
26938,0.07190609471709428,0.20410571899348767,0.7239881862894181
26939,0.165848552463643,0.4248889376267278,0.4092625099096291
26940,0.08692628453542993,0.15806049481112555,0.7550132206534445
26941,0.0488521182252897,0.17511509710822873,0.7760327846664816
26942,0.18859007339957698,0.30386293312485585,0.5075469934755671
26943,0.03298090947088449,0.2945504518339856,0.6724686386951297
26944,0.17121516476261261,0.1998685506709069,0.6289162845664805
26945,0.15652208025715508,0.6705554003084752,0.17292251943436987
26946,0.07404762052928102,0.1752543504141926,0.7506980290565263
26947,0.06620101368972783,0.2000963167281638,0.7337026695821083
26948,0.1612848905054988,0.3573398335332632,0.481375275961238
26949,0.21724232713020825,0.11551467321807707,0.6672429996517149
26950,0.15021896553755612,0.09673140388188686,0.7530496305805571
26951,0.6717441671435589,0.17178500746718642,0.1564708253892547
26952,0.08842422729953119,0.4235571040941403,0.48801866860632853
26953,0.15013296991893918,0.07657542734658411,0.7732916027344767
26954,0.04622581742966424,0.11535752975367974,0.838416652816656
26955,0.07948146204360407,0.29045897712569724,0.6300595608306987
26956,0.18679523572974013,0.1862061023596953,0.6269986619105646
26957,0.21400905975860365,0.3889599084246414,0.39703103181675503
26958,0.13430618592135954,0.22422385526853414,0.6414699588101063
26959,0.06721039671884697,0.3068445976334668,0.6259450056476863
26960,0.1298396249895034,0.3969211554281231,0.47323921958237347
26961,0.040359476903095826,0.1623017208396959,0.7973388022572083
26962,0.04880535847954886,0.3790437731148301,0.572150868405621
26963,0.35539340648223,0.10165592787048436,0.5429506656472857
26964,0.06441237344886182,0.2229069086210298,0.7126807179301083
26965,0.05141936155440987,0.18614460592760831,0.7624360325179819
26966,0.08482840211219414,0.2024257028038555,0.7127458950839504
26967,0.03464025852506616,0.10304840048570481,0.8623113409892291
26968,0.05553963771801249,0.27446410560711093,0.6699962566748765
26969,0.037905136933638825,0.09585149318172559,0.8662433698846357
26970,0.08326130535758476,0.13575002831796162,0.7809886663244536
26971,0.11219132902839579,0.26083943003862303,0.6269692409329812
26972,0.1316311616544506,0.3978389885198173,0.47052984982573215
26973,0.06333142963109453,0.05590013512571042,0.880768435243195
26974,0.16256873197982125,0.09674472074456548,0.7406865472756132
26975,0.06464749226257038,0.06887571245131148,0.8664767952861181
26976,0.09574873238143414,0.4367831062394746,0.4674681613790913
26977,0.07774918884029297,0.22890048032740135,0.6933503308323057
26978,0.11196716582556013,0.10424564857315491,0.783787185601285
26979,0.0695436127868304,0.3737976457977857,0.5566587414153839
26980,0.032761747733793034,0.08735117533760345,0.8798870769286035
26981,0.07149858389210625,0.25594847880455646,0.6725529373033374
26982,0.06507254082006761,0.22928107970518288,0.7056463794747495
26983,0.180492819030941,0.3449022617535806,0.47460491921547837
26984,0.05149105349000473,0.24830302466567805,0.7002059218443172
26985,0.12503034854068926,0.33769463893100465,0.537275012528306
26986,0.0648485702816898,0.10082274269274896,0.8343286870255613
26987,0.12321269514366909,0.23965478895405096,0.6371325159022799
26988,0.1406716254096826,0.2937003706669426,0.5656280039233749
26989,0.06480455520971651,0.25975794906911037,0.6754374957211732
26990,0.06689151897217106,0.16781994030920067,0.7652885407186283
26991,0.11286194708071436,0.1451968689565543,0.7419411839627313
26992,0.05620662833362718,0.3823562352541231,0.5614371364122498
26993,0.07494487793529822,0.18593679073509412,0.7391183313296077
26994,0.08042761447945286,0.1560715358240734,0.7635008496964738
26995,0.1309763892546786,0.18427050701897235,0.684753103726349
26996,0.04605968106439422,0.1099454986055736,0.8439948203300321
26997,0.1951234757212198,0.38323254102341,0.42164398325537034
26998,0.17461713171680848,0.26694816269419525,0.5584347055889963
26999,0.2267869215986921,0.123625826858487,0.6495872515428209
27000,0.08132000527392343,0.3597990290926693,0.5588809656334072
27001,0.15195840676290542,0.5462633622619613,0.30177823097513323
27002,0.031091043480153967,0.14128675630553697,0.827622200214309
27003,0.2214611173918286,0.19969915761263263,0.5788397249955388
27004,0.24011608028904044,0.27914254226829277,0.4807413774426668
27005,0.1070523782633255,0.5482699779890077,0.34467764374766674
27006,0.04791399071657776,0.06839064578169216,0.8836953635017301
27007,0.16254951911395338,0.37378843716987936,0.46366204371616726
27008,0.2549544548842596,0.16452073642651469,0.5805248086892257
27009,0.08862522327154664,0.22442409751442077,0.6869506792140326
27010,0.07206047752218318,0.2477513043507515,0.6801882181270653
27011,0.16664244093088712,0.46180977197766976,0.3715477870914431
27012,0.08060679795201987,0.13899092031485574,0.7804022817331242
27013,0.20550927476907263,0.35749603642657535,0.436994688804352
27014,0.14098123787169708,0.300414015067936,0.558604747060367
27015,0.16728015625677786,0.38080371947522684,0.4519161242679954
27016,0.11150983414119227,0.3126047875295367,0.5758853783292711
27017,0.06594657202110091,0.19568898463247203,0.738364443346427
27018,0.20523054332958274,0.18111516955493004,0.6136542871154872
27019,0.11516284914251866,0.17568898259392057,0.7091481682635609
27020,0.05184799889346059,0.41257360440578,0.5355783967007595
27021,0.02766638712047888,0.30102853249258604,0.671305080386935
27022,0.13619829039896605,0.22466299847637217,0.6391387111246617
27023,0.16206699779818529,0.3546919189668518,0.48324108323496284
27024,0.07966356136174188,0.17686240767420353,0.7434740309640546
27025,0.1141030893546521,0.1479571914440279,0.73793971920132
27026,0.023382021901340692,0.07098135530452385,0.9056366227941354
27027,0.11254809540523496,0.1249048415147493,0.7625470630800157
27028,0.09444856688673924,0.161171401248239,0.7443800318650217
27029,0.06034285163086252,0.15659260120100887,0.7830645471681286
27030,0.15902906998061536,0.4779809300070729,0.36299000001231174
27031,0.397253013509223,0.2784995974838612,0.3242473890069159
27032,0.19124595315711962,0.2786042502143513,0.5301497966285292
27033,0.1257086001111202,0.09941253209137751,0.7748788677975023
27034,0.030105652780985558,0.04224616375019903,0.9276481834688155
27035,0.3065009880606192,0.11094386675383831,0.5825551451855425
27036,0.08007846557026509,0.099671112964922,0.820250421464813
27037,0.16015880001310728,0.33049706048610755,0.5093441395007852
27038,0.08920273169991103,0.14761015079531162,0.7631871175047774
27039,0.08989692265004758,0.13279088985866944,0.777312187491283
27040,0.1251703874289795,0.17227546821550474,0.7025541443555158
27041,0.014247250966278038,0.10238048027487512,0.8833722687588468
27042,0.35744770970986256,0.30175861818143135,0.34079367210870604
27043,0.09505926750151175,0.14180454858607117,0.7631361839124171
27044,0.07889857143891861,0.19889753939636526,0.7222038891647162
27045,0.11009626075474799,0.3582913964431029,0.5316123428021491
27046,0.027328593697247782,0.15904382143557177,0.8136275848671805
27047,0.10921750208540595,0.33765051451729183,0.5531319833973022
27048,0.08280356622900911,0.46077923874132776,0.45641719502966305
27049,0.028515814489619883,0.5611439728989441,0.41034021261143605
27050,0.059354756017876466,0.09731553173224128,0.8433297122498823
27051,0.0860108927728346,0.29735693255506146,0.616632174672104
27052,0.06707490337730922,0.17037150769274276,0.7625535889299481
27053,0.04571002667031391,0.5117828690324278,0.44250710429725826
27054,0.11660089497360349,0.1332286999882541,0.7501704050381425
27055,0.2078437789172753,0.3754105392974217,0.416745681785303
27056,0.15594100925459115,0.3876865007753445,0.45637248997006435
27057,0.0694934932746552,0.1872532509494309,0.7432532557759138
27058,0.1186956224703759,0.20566149725511265,0.6756428802745115
27059,0.06134448056016756,0.24322293379848334,0.695432585641349
27060,0.08978855699549296,0.39931740015746187,0.5108940428470452
27061,0.20370024844191953,0.13000615175969138,0.666293599798389
27062,0.09379021877132208,0.09486245629859494,0.811347324930083
27063,0.1652440121481519,0.4148507953290982,0.4199051925227499
27064,0.045377956706266806,0.09872053606148214,0.8559015072322511
27065,0.15031878727671086,0.4004709111389692,0.44921030158431996
27066,0.08998500070746114,0.04497400697962068,0.8650409923129182
27067,0.06808707192652286,0.21487356447249098,0.7170393636009862
27068,0.09108917147295259,0.15508437387065946,0.753826454656388
27069,0.01692732684815968,0.09879210811726297,0.8842805650345772
27070,0.15117759904042433,0.1873915396843249,0.6614308612752509
27071,0.13334610720685336,0.11630721359941396,0.7503466791937328
27072,0.14497193301920033,0.3411250128643912,0.5139030541164085
27073,0.08572663704033782,0.28746769786781046,0.6268056650918516
27074,0.14215080308146938,0.2759057268689243,0.5819434700496063
27075,0.2012558075132111,0.22646381964648862,0.5722803728403003
27076,0.15567083093154643,0.22617595589863343,0.6181532131698202
27077,0.09403993461847285,0.23538572772458172,0.6705743376569455
