index,0,1,2
26457,0.09041976235425137,0.06555830195955997,0.8440219356861887
26458,0.21581987876789005,0.08226950257613497,0.701910618655975
26459,0.11769859057085316,0.18199356064521138,0.7003078487839355
26460,0.16653035010779113,0.17509255446885,0.658377095423359
26461,0.09467902929658173,0.3169479285437357,0.5883730421596824
26462,0.07139131203269429,0.2927848256875612,0.6358238622797445
26463,0.42068807745782877,0.12243297565239583,0.4568789468897753
26464,0.20166281060206495,0.28821113699497003,0.510126052402965
26465,0.053611613919107196,0.0685475448131608,0.8778408412677319
26466,0.07630991665753792,0.3071925858836974,0.6164974974587647
26467,0.13434304198180308,0.2497355391721133,0.6159214188460836
26468,0.08405406902759206,0.10706969387574242,0.8088762370966656
26469,0.23456796558209106,0.20845563051474086,0.556976403903168
26470,0.140138478472187,0.1788895997513942,0.6809719217764189
26471,0.09990950023333504,0.1807247768048557,0.7193657229618092
26472,0.13062552017777757,0.2725457267907928,0.5968287530314297
26473,0.09918653598827029,0.16605859497785966,0.7347548690338701
26474,0.293465481040786,0.35329967038089666,0.3532348485783175
26475,0.11524961877334265,0.201202648460494,0.6835477327661634
26476,0.05396283313573078,0.29976515835992273,0.6462720085043465
26477,0.10346056235987948,0.33831501068718584,0.5582244269529346
26478,0.10354839639339561,0.08507278576480844,0.8113788178417961
26479,0.1149591886044489,0.09320237381756362,0.7918384375779876
26480,0.06929042273082617,0.1208302009052257,0.8098793763639481
26481,0.10889471024200197,0.441979515205628,0.44912577455236996
26482,0.09646289811269021,0.04293431348706285,0.8606027884002468
26483,0.03198438920944059,0.14846588590156448,0.819549724888995
26484,0.1504108698907837,0.40596213826793,0.4436269918412864
26485,0.0812254077876979,0.11770673770251094,0.8010678545097912
26486,0.1638740677879121,0.2610012542993544,0.5751246779127335
26487,0.108996303173242,0.0963326132808469,0.7946710835459111
26488,0.14423713193577692,0.3201115119460424,0.5356513561181807
26489,0.04537428722196038,0.32972804448110604,0.6248976682969336
26490,0.11414579018108287,0.25624283005621395,0.6296113797627032
26491,0.1308229958213239,0.15929660128989592,0.7098804028887802
26492,0.10469916217409106,0.1770428589194904,0.7182579789064185
26493,0.15427265879403773,0.5276749810635499,0.31805236014241245
26494,0.16711747709757602,0.09477330477643663,0.7381092181259873
26495,0.06578344863385421,0.10172905262204579,0.8324874987441001
26496,0.18815324065508932,0.19672800866223167,0.6151187506826791
26497,0.06781057051066214,0.5636951779338835,0.36849425155545434
26498,0.18195776275001996,0.48422887293330535,0.3338133643166747
26499,0.09463407511921962,0.1772585482101817,0.7281073766705987
26500,0.09002572347068846,0.26174816860652,0.6482261079227916
26501,0.08628466159081742,0.13587914968232828,0.7778361887268543
26502,0.07058961318063499,0.05348397151783635,0.8759264153015287
26503,0.11314783712951573,0.47318765224889514,0.4136645106215891
26504,0.12032386594611286,0.5326873241305604,0.3469888099233268
26505,0.09157988792532361,0.13480754599455963,0.7736125660801167
26506,0.14319121392126385,0.5468992081964458,0.30990957788229034
26507,0.04760345779401591,0.38448306457021253,0.5679134776357715
26508,0.10471652429149717,0.20582476061399446,0.6894587150945085
26509,0.09795863903628924,0.09833670676009348,0.8037046542036173
26510,0.09355982189555508,0.17323770697211022,0.7332024711323346
26511,0.11691283473135643,0.12416154877376864,0.7589256164948749
26512,0.1148918736732544,0.26898467226269407,0.6161234540640516
26513,0.10825276849489832,0.20270387913292556,0.6890433523721762
26514,0.11887945024669037,0.17851776813918863,0.7026027816141209
26515,0.2591940793945516,0.10300871868710111,0.6377972019183474
26516,0.09271209062688233,0.45736272236974307,0.4499251870033746
26517,0.13754236222469782,0.5141423908048635,0.3483152469704387
26518,0.11763554815894244,0.14942138571687186,0.7329430661241857
26519,0.16860567561384707,0.16808282448914813,0.6633114998970048
26520,0.02631568959536242,0.7440976160053129,0.22958669439932483
26521,0.13831241805492095,0.17035273495404446,0.6913348469910345
26522,0.19846567319868652,0.31776873078415446,0.48376559601715907
26523,0.10134412864116835,0.24775080252793352,0.650905068830898
26524,0.08368725480989787,0.3184309777839356,0.5978817674061665
26525,0.13128603988103976,0.1623669654283071,0.7063469946906531
26526,0.09075542003241077,0.1492535062589149,0.7599910737086744
26527,0.08137508399084975,0.22366795350249635,0.6949569625066538
26528,0.14686590759928767,0.4560115832222295,0.39712250917848263
26529,0.10984966188294136,0.0961233565901084,0.7940269815269503
26530,0.12648404718733594,0.19110520215551624,0.6824107506571477
26531,0.10588995722486494,0.22855205725509556,0.6655579855200394
26532,0.12260893470605683,0.1572573611792563,0.7201337041146869
26533,0.07443175246709308,0.14032839138976508,0.7852398561431418
26534,0.07807836854537517,0.12902926970048773,0.792892361754137
26535,0.10766237498172429,0.17040638895194674,0.721931236066329
26536,0.1536666624144603,0.1702628661518158,0.6760704714337239
26537,0.06543921269593517,0.121342868439087,0.813217918864978
26538,0.0909578934345282,0.2379547112516956,0.6710873953137763
26539,0.0710551496026223,0.14580656619030338,0.7831382842070742
26540,0.0946037815332778,0.5939306086213264,0.3114656098453959
26541,0.08007331824107701,0.1431567399983973,0.7767699417605256
26542,0.0904154312503479,0.236320014581714,0.6732645541679381
26543,0.16943559046088588,0.14296663293370526,0.6875977766054089
26544,0.09848152560122392,0.11218081916639758,0.7893376552323785
26545,0.16310916874996115,0.2115285812322525,0.6253622500177862
26546,0.08587769102705792,0.3642377695840874,0.5498845393888547
26547,0.06418431325338202,0.14810576645007542,0.7877099202965425
26548,0.13410444207752248,0.11648591994264204,0.7494096379798354
26549,0.060162033953861174,0.632374984443372,0.30746298160276664
26550,0.11236126080101412,0.1890184284292691,0.6986203107697169
26551,0.0576015919819195,0.18097473413730542,0.7614236738807751
26552,0.01678958498613789,0.09697041467806804,0.8862400003357941
26553,0.11993943107273593,0.1297697782180453,0.7502907907092189
26554,0.2202348248967283,0.24810223609193666,0.531662939011335
26555,0.3648329589183937,0.21034312711654785,0.4248239139650584
26556,0.031193597696480252,0.24829777319458085,0.7205086291089389
26557,0.1231298541814773,0.1469949011386404,0.7298752446798823
26558,0.17650995958181664,0.15434645415685372,0.6691435862613295
26559,0.24645932751056548,0.12319505311052852,0.630345619378906
26560,0.15776613046860538,0.30956789922752004,0.5326659703038746
26561,0.17428331577016884,0.11313029959597398,0.7125863846338572
26562,0.12865657550284698,0.13747728138277251,0.7338661431143805
26563,0.10251550256889616,0.11966783916182575,0.777816658269278
26564,0.05338475031624638,0.14454876092713,0.8020664887566238
26565,0.0556702654729179,0.3697251452944631,0.5746045892326189
26566,0.14255738593771805,0.1683526610921221,0.6890899529701598
26567,0.09169003588365496,0.14960289165252683,0.7587070724638183
26568,0.24502924337049894,0.292639866330172,0.46233089029932906
26569,0.05700794437358288,0.2244016108324518,0.7185904447939653
26570,0.14699430641759928,0.25236504698297246,0.6006406465994283
26571,0.14905820032033126,0.12785983553181207,0.7230819641478567
26572,0.09165364967087465,0.3576470931049799,0.5506992572241456
26573,0.0866018356059033,0.12448030387316733,0.7889178605209294
26574,0.12153807147282784,0.08969491877882507,0.7887670097483471
26575,0.15548917998995085,0.35343685851438,0.4910739614956691
26576,0.0983835436084964,0.07121572960341999,0.8304007267880836
26577,0.10267207300792718,0.15248814235212285,0.7448397846399499
26578,0.24382182110915657,0.32067101237132983,0.4355071665195136
26579,0.10806445235767433,0.5414570380480007,0.350478509594325
26580,0.06597377896138219,0.11699762264364022,0.8170285983949774
26581,0.09205462213230213,0.1137562494590971,0.7941891284086008
26582,0.10483332204844804,0.09627880487141513,0.7988878730801369
26583,0.08987233918168694,0.16808846539963584,0.7420391954186771
26584,0.034775348655149814,0.21424660175308308,0.750978049591767
26585,0.1463530062590269,0.23471943183418276,0.6189275619067904
26586,0.2220062251798745,0.23796197497945265,0.5400317998406728
26587,0.30028200712429165,0.36285692775664297,0.3368610651190654
26588,0.06446653331796146,0.22662999626465824,0.7089034704173803
26589,0.11389893630118819,0.11666324548197224,0.7694378182168395
26590,0.07185400409440813,0.28648279158803314,0.6416632043175587
26591,0.1442568166840854,0.3518399729924932,0.5039032103234213
26592,0.24622577376447877,0.1011795151719614,0.6525947110635599
26593,0.15808628134910147,0.21336115724336194,0.6285525614075367
26594,0.18875564330408176,0.18514908722588336,0.6260952694700348
26595,0.04062467077384793,0.12521381979229576,0.8341615094338563
26596,0.06958107715733004,0.11224189553965183,0.8181770273030182
26597,0.09602692243674833,0.5424474509467303,0.3615256266165214
26598,0.15280511467024732,0.14858027943778013,0.6986146058919724
26599,0.23396491710465125,0.27308965091380716,0.49294543198154156
26600,0.036657801855934216,0.10105160151563204,0.8622905966284338
26601,0.08155353616550022,0.17585222665712066,0.7425942371773792
26602,0.076740081175076,0.19811357191892265,0.7251463469060013
26603,0.16827431078352792,0.054872489612046084,0.7768531996044261
26604,0.13496831379521218,0.3004025766967754,0.5646291095080125
26605,0.08893738890958815,0.13379239558295683,0.7772702155074549
26606,0.17738162166972465,0.2630385354760093,0.5595798428542661
26607,0.07317046597372986,0.45040817728776306,0.4764213567385071
26608,0.041168696618703135,0.1815629242270625,0.7772683791542343
26609,0.13209440238905773,0.1505674579898351,0.7173381396211072
26610,0.23961748705076752,0.27259777547878883,0.48778473747044365
26611,0.08149814400220809,0.22182211146885472,0.6966797445289371
26612,0.08574055821139974,0.42970773346971847,0.48455170831888184
26613,0.13099210492195507,0.25530234885938385,0.6137055462186611
26614,0.08636322221027763,0.1192548963992039,0.7943818813905186
26615,0.07475991438424195,0.11530520739538042,0.8099348782203777
26616,0.16889769725413775,0.1271309681033173,0.7039713346425449
26617,0.23931696185970797,0.35531281801318687,0.4053702201271051
26618,0.17355859864359938,0.18389038786003664,0.6425510134963639
26619,0.19532036678228498,0.5454069795401566,0.25927265367755836
26620,0.10694589779125963,0.3291419345768826,0.5639121676318577
26621,0.07641375119062206,0.11099684191490862,0.8125894068944695
26622,0.1462953867055679,0.2743250202983469,0.5793795929960852
26623,0.04942313113852281,0.5186399352898416,0.4319369335716356
26624,0.05569510708338549,0.1450918443174657,0.7992130485991489
26625,0.214436508766296,0.17563022245055454,0.6099332687831495
26626,0.2113618146546953,0.15162921547215036,0.6370089698731544
26627,0.0724083610404251,0.20716260866938954,0.7204290302901855
26628,0.06702438590559975,0.17076426052833166,0.7622113535660686
26629,0.05019758798843791,0.15632998408415877,0.7934724279274034
26630,0.11397364771510224,0.4169033802960992,0.46912297198879854
26631,0.06830724833177568,0.12242169583709055,0.8092710558311337
26632,0.12480859489851484,0.1644032951558774,0.7107881099456078
26633,0.13482465326447604,0.13891430990970888,0.7262610368258151
26634,0.06410114817002881,0.09197054153284942,0.8439283102971219
26635,0.11248285664307744,0.24536076969743417,0.6421563736594884
26636,0.08987439400037045,0.21455862449710006,0.6955669815025296
26637,0.04439443528665586,0.1392832296396243,0.8163223350737198
26638,0.08504110983181248,0.42560238114042903,0.4893565090277584
26639,0.18142069435157343,0.4499995074182886,0.368579798230138
26640,0.09832691328203601,0.12475250164993915,0.7769205850680249
26641,0.30933062140467094,0.5650228298661675,0.12564654872916164
26642,0.10663209117683185,0.09995047860746378,0.7934174302157044
26643,0.12073756757945771,0.23484633641633232,0.6444160960042099
26644,0.04201001526972132,0.14233351754626042,0.8156564671840183
26645,0.14757631241945374,0.14694435090622546,0.7054793366743208
26646,0.5456811286490848,0.17288906758519978,0.28142980376571536
26647,0.13589609371211764,0.13616283949908867,0.7279410667887938
26648,0.2151735035490187,0.3442677315284405,0.4405587649225408
26649,0.09083044536630389,0.14330167179757544,0.7658678828361207
26650,0.1170350541839676,0.39293373278243193,0.4900312130336005
26651,0.06780776945606568,0.49978363427409433,0.43240859626984
26652,0.2234707356456746,0.09719682515234507,0.6793324392019804
26653,0.1792593938625903,0.15922869826603686,0.6615119078713729
26654,0.15029740413421827,0.35627731498858994,0.4934252808771918
26655,0.13153888577172163,0.30904912576586974,0.5594119884624087
26656,0.19592514904205674,0.15520780670405665,0.6488670442538866
26657,0.11726653609927742,0.1755940850614261,0.7071393788392963
26658,0.09142035886155961,0.2029738672961104,0.70560577384233
26659,0.18696617318334394,0.3536251502247831,0.459408676591873
26660,0.1075726376739838,0.15357867679618992,0.7388486855298263
26661,0.26337862911989307,0.24684504044092667,0.4897763304391803
26662,0.029178106878974625,0.3907524293836875,0.5800694637373379
26663,0.0892058488109163,0.13085786406726574,0.7799362871218178
26664,0.09051708264341499,0.13235017803166532,0.7771327393249197
26665,0.12753018754789097,0.20374279966456496,0.668727012787544
26666,0.040367573609690524,0.3499943293013141,0.6096380970889953
26667,0.0878096195142917,0.1346807660679709,0.7775096144177374
26668,0.1261261731575427,0.2639459467129662,0.6099278801294912
26669,0.07887881297273622,0.4260609053975776,0.4950602816296862
26670,0.18995178062363233,0.3825990727802706,0.42744914659609695
26671,0.09672869144861589,0.13696677287148065,0.7663045356799035
26672,0.08385734934034658,0.15163559891487324,0.7645070517447801
26673,0.15596067350225334,0.15681851010431705,0.6872208163934296
26674,0.27586928536092137,0.0923691123520561,0.6317616022870224
26675,0.18074130164403163,0.11525345428536223,0.7040052440706062
26676,0.14041946641308234,0.33011490440588637,0.5294656291810313
26677,0.043487483762055114,0.07184665823795651,0.8846658579999884
26678,0.21328608911069055,0.1924721508460428,0.5942417600432667
26679,0.09347211880668885,0.13881958979445702,0.7677082913988542
26680,0.0659672756704566,0.17719607469412071,0.7568366496354226
26681,0.048800650648374654,0.0843603731649258,0.8668389761866996
26682,0.12854424096845574,0.31048299470692203,0.5609727643246222
26683,0.026190707645272177,0.26669249120721145,0.7071168011475164
26684,0.04821438655969375,0.13868475010729475,0.8131008633330115
26685,0.1209962286634511,0.2743342788025478,0.6046694925340012
26686,0.0634021549557105,0.2465410487962818,0.6900567962480078
26687,0.1649263372511173,0.2687929708769087,0.566280691871974
26688,0.1364957987067302,0.7554737856263082,0.1080304156669615
26689,0.05672927338061233,0.14171073312303836,0.8015599934963493
26690,0.06882765761295845,0.21834166285046952,0.712830679536572
26691,0.15434595766660505,0.5045092830116469,0.3411447593217482
26692,0.048022357168966155,0.3273876722855921,0.6245899705454417
26693,0.31601129251097015,0.11414125460037546,0.5698474528886543
26694,0.2549131652209259,0.31359476710282014,0.4314920676762539
26695,0.15513023300059264,0.31301214861357024,0.5318576183858372
26696,0.09918653598827029,0.16605859497785966,0.7347548690338701
26697,0.1649269279954926,0.08655125187615612,0.7485218201283513
26698,0.07013536570730541,0.05902493972486156,0.870839694567833
26699,0.1604847242501622,0.4218702142171291,0.41764506153270864
26700,0.056355889488833764,0.40914526718737027,0.5344988433237959
26701,0.11458743804298595,0.2548477933990722,0.6305647685579417
26702,0.13994004788309253,0.38326553479615205,0.4767944173207554
26703,0.08358509259550624,0.30502235678426187,0.6113925506202318
26704,0.03617749373230116,0.2254522898513276,0.7383702164163713
26705,0.0781980019496518,0.092081779483948,0.8297202185664002
26706,0.05446202725194127,0.18735009343411385,0.7581878793139449
26707,0.3348552088282821,0.07370912913879542,0.5914356620329224
26708,0.09315798780352157,0.15777873471479778,0.7490632774816806
26709,0.043278371602088826,0.1378174749337699,0.8189041534641414
26710,0.15565380223497918,0.3113286007125643,0.5330175970524564
26711,0.10948785083104004,0.17435509771125138,0.7161570514577086
26712,0.11609753449228573,0.144964512837756,0.7389379526699582
26713,0.21290170361940003,0.2621564986730533,0.5249417977075467
26714,0.038981474710050854,0.09545511951634436,0.8655634057736048
26715,0.09596977072176702,0.1293253588461976,0.7747048704320354
26716,0.11286774047793453,0.3973662916088007,0.48976596791326477
26717,0.10077958617441643,0.15199489959210946,0.747225514233474
26718,0.07828507434716885,0.145784563586621,0.77593036206621
26719,0.1283058801857477,0.4751268453620522,0.3965672744522
26720,0.09596094728400673,0.24324689474369734,0.6607921579722958
26721,0.09349073406325988,0.17022532904229074,0.7362839368944495
26722,0.10822916103651567,0.2941988760327031,0.5975719629307812
26723,0.10491342207214216,0.16763639737867825,0.7274501805491795
26724,0.10632858011528548,0.223972545131753,0.6696988747529616
26725,0.05019074931377974,0.476998907803598,0.47281034288262214
26726,0.12683943469982167,0.25772034321476345,0.6154402220854148
26727,0.1312220463007326,0.2468202205735622,0.6219577331257051
26728,0.07742705079258475,0.3945751366694398,0.5279978125379755
26729,0.12970661798952812,0.2125809105870812,0.6577124714233907
26730,0.20174858734881745,0.5297268523731656,0.26852456027801697
26731,0.06664718586407511,0.10532442926507826,0.8280283848708466
26732,0.11634103188524605,0.30196474921286687,0.5816942189018871
26733,0.07859552937746188,0.10779234417331462,0.8136121264492235
26734,0.09041976235425137,0.06555830195955997,0.8440219356861887
26735,0.11646069803415116,0.3714204455589147,0.5121188564069342
26736,0.055274510282676124,0.14825403536256485,0.796471454354759
26737,0.215173016159653,0.12049480415059093,0.6643321796897561
26738,0.0591159733838542,0.10962535682708385,0.8312586697890619
26739,0.22177525149957011,0.12773700967605223,0.6504877388243776
26740,0.043580011275940286,0.1587651297922827,0.797654858931777
26741,0.09573318217065938,0.3084744492664865,0.5957923685628541
26742,0.019680720001729917,0.20040613195468357,0.7799131480435865
26743,0.1821070632065093,0.1515583215828278,0.666334615210663
26744,0.13682016989197426,0.2156709191200267,0.647508910987999
26745,0.09084691208000321,0.15445597512577397,0.7546971127942228
26746,0.11328492252606656,0.14847403810673754,0.7382410393671959
26747,0.20637412680139905,0.6027993287381735,0.19082654446042735
26748,0.14665563074450685,0.4269936196796101,0.4263507495758831
26749,0.07047644711248365,0.23823631234714795,0.6912872405403684
26750,0.04744460906843572,0.06735427842944151,0.8852011125021229
26751,0.07401527284643014,0.09403110500165783,0.8319536221519119
26752,0.04183971034379101,0.656948285767889,0.30121200388832
26753,0.10132536095988472,0.11615753532453765,0.7825171037155776
26754,0.11030521089328835,0.06601222491090578,0.823682564195806
26755,0.03669800408201,0.08286103704692235,0.8804409588710677
26756,0.13982827709338458,0.10931599618089112,0.7508557267257242
26757,0.1119187602722544,0.23763564009966992,0.6504455996280758
26758,0.07269239583959693,0.23137878736917178,0.6959288167912313
26759,0.100957479899399,0.32360829150164816,0.5754342285989529
26760,0.25865453397424276,0.5882363051909462,0.15310916083481121
26761,0.07203078058137954,0.24337738156858366,0.6845918378500367
26762,0.09645656846082154,0.16859607112560343,0.734947360413575
26763,0.039655476420390835,0.110968114324098,0.8493764092555111
26764,0.09070368360607046,0.21131139271945437,0.6979849236744753
26765,0.09860869963899084,0.051070321441871715,0.8503209789191375
26766,0.05241735235797342,0.5148651189858222,0.4327175286562044
26767,0.11026565330670271,0.20182191110544698,0.6879124355878503
26768,0.04658474022801919,0.5281680593161008,0.42524720045587994
26769,0.09329428114800435,0.36024896506111725,0.5464567537908783
26770,0.167093770709147,0.2189643029470824,0.6139419263437705
26771,0.12127594510676705,0.37989115310339205,0.4988329017898409
26772,0.31840686293233783,0.09250786150525522,0.5890852755624069
26773,0.05736489732837531,0.12841312962177465,0.8142219730498501
26774,0.07714226798238394,0.18439908050223133,0.7384586515153847
26775,0.0610068272911579,0.31866460765921245,0.6203285650496297
26776,0.08773115502985201,0.07197358885872719,0.8402952561114209
26777,0.04723854672116111,0.07540424235003841,0.8773572109288004
26778,0.06807531079153037,0.14703407519712636,0.7848906140113432
26779,0.15168458679562288,0.16252239295769283,0.6857930202466843
26780,0.10455436415113191,0.23035884647312505,0.6650867893757431
26781,0.047769586578808684,0.14226682621973458,0.8099635872014568
26782,0.10371007818259259,0.1824215729309464,0.713868348886461
26783,0.21746361783836005,0.3393184330135681,0.4432179491480719
26784,0.1256500203527222,0.2970465300493546,0.5773034495979231
26785,0.14264692057510836,0.4280716225353487,0.42928145688954295
26786,0.41816289314749133,0.11586833782062307,0.4659687690318856
26787,0.06478527177243099,0.10112527535596616,0.8340894528716027
26788,0.2062723288948268,0.21006444048348424,0.5836632306216889
26789,0.13880874983084962,0.5386236754041268,0.32256757476502357
26790,0.0555368690550609,0.1366469971723155,0.8078161337726236
26791,0.07844777961963845,0.12946042898460713,0.7920917913957544
26792,0.11721086794310849,0.21895521661403866,0.6638339154428529
26793,0.09491788202562143,0.19234760067132584,0.7127345173030528
26794,0.14748674536002196,0.3506193999314655,0.5018938547085124
26795,0.05828411751491226,0.14751930427315293,0.7941965782119349
26796,0.05713723638195447,0.5933473742894838,0.3495153893285618
26797,0.11812340764348961,0.22296001592935516,0.6589165764271552
26798,0.2501826789777925,0.19557563558113816,0.5542416854410693
26799,0.08085902447921282,0.14091886456302688,0.7782221109577604
26800,0.06621675967210247,0.5718828265622286,0.36190041376566895
26801,0.1261261731575427,0.2639459467129662,0.6099278801294912
26802,0.10807463374967516,0.3666875427844506,0.5252378234658742
26803,0.09054783972520851,0.14803199347646917,0.7614201667983224
26804,0.025202611817951037,0.2115879198240629,0.7632094683579862
26805,0.03201607652122031,0.18437214548636366,0.7836117779924161
26806,0.051899503118625526,0.11132712368014153,0.8367733732012329
26807,0.10603115380138887,0.1753754000522964,0.7185934461463147
26808,0.03367569747403394,0.20225619608354,0.764068106442426
26809,0.20068930962778037,0.3068559634817868,0.49245472689043285
26810,0.024310837648583626,0.258166625693339,0.7175225366580774
26811,0.05693879051448321,0.11553369139457104,0.8275275180909458
26812,0.12878109361645496,0.2913920657666667,0.5798268406168783
26813,0.11323057084300892,0.32771074597829086,0.5590586831787002
26814,0.1754303288146779,0.13478221357387232,0.6897874576114498
26815,0.14934250166118357,0.22377541378901208,0.6268820845498043
26816,0.07795611819072772,0.17888712802549944,0.7431567537837729
26817,0.1372730165864851,0.08696334230959948,0.7757636411039155
26818,0.2416480024185796,0.20618384658373726,0.5521681509976831
26819,0.0847230614842619,0.2466524409079688,0.6686244976077693
26820,0.05475188604073179,0.4373197643319486,0.5079283496273196
26821,0.17664519505143744,0.533320320870743,0.2900344840778195
26822,0.13040336853855672,0.13684726315331913,0.7327493683081242
26823,0.07176683826572892,0.08782382979615308,0.8404093319381181
26824,0.05042570831117025,0.19157510573724085,0.757999185951589
26825,0.0935940281156143,0.2026394874404321,0.7037664844439536
26826,0.12085177194798624,0.0818339145721391,0.7973143134798748
26827,0.05767778858212523,0.17874111570815665,0.7635810957097181
26828,0.06676048696911364,0.1765877390291856,0.7566517740017008
26829,0.06772635575621795,0.07168756904677434,0.8605860751970077
26830,0.10166196864866109,0.17912220412404362,0.7192158272272954
26831,0.06451322007299103,0.08719538242279351,0.8482913975042153
26832,0.040370449916820414,0.06007688923557999,0.8995526608475994
26833,0.0820162083054976,0.21957748274209696,0.6984063089524055
26834,0.07110859268555973,0.24269700139052547,0.6861944059239148
26835,0.31305341732724434,0.13833396673755466,0.5486126159352009
26836,0.23180640370950373,0.2836234853588234,0.4845701109316729
26837,0.17645210427541777,0.13956453624902418,0.683983359475558
26838,0.11874965243570741,0.2592160121164397,0.6220343354478529
26839,0.4779851212198564,0.17169723597910164,0.350317642801042
26840,0.25183837468106585,0.2810522331701232,0.46710939214881086
26841,0.03880589635323999,0.09872891447332904,0.862465189173431
26842,0.047098988354983426,0.2041535735346039,0.7487474381104128
26843,0.09768298406664197,0.16504763206943074,0.7372693838639272
26844,0.06120254228727855,0.7046729763721105,0.23412448134061092
26845,0.3162759934650445,0.11910358988495347,0.564620416650002
26846,0.14757631241945374,0.14694435090622546,0.7054793366743208
26847,0.10320939831367308,0.44633145769547655,0.4504591439908504
26848,0.1426958667528159,0.25308274696826355,0.6042213862789205
26849,0.09780887272487762,0.1983613076835957,0.7038298195915267
26850,0.07156866053141506,0.23344765620639657,0.6949836832621884
26851,0.17668063020861288,0.2372488319179325,0.5860705378734545
26852,0.17732103110488745,0.3844188273807414,0.43826014151437115
26853,0.09488178936540698,0.11726088074931126,0.7878573298852818
26854,0.14931340939100599,0.5662133897696221,0.2844732008393719
26855,0.10152157766192793,0.3235087559664074,0.5749696663716648
26856,0.15339149477484043,0.19410750633575433,0.6525009988894052
26857,0.11240398262391345,0.21686824828762846,0.6707277690884581
26858,0.08525369552812856,0.6853384226328211,0.22940788183905042
26859,0.0529445320027407,0.4646198258900263,0.48243564210723305
26860,0.04618287523606921,0.5822893944442507,0.3715277303196803
26861,0.1815913843914148,0.32697862059378596,0.4914299950147993
26862,0.10639325859886188,0.11487767915978361,0.7787290622413545
26863,0.044552731957389964,0.15311889865047748,0.8023283693921325
26864,0.08992757096988081,0.3891968688304351,0.5208755601996842
26865,0.020793668532806363,0.08421996753098608,0.8949863639362077
26866,0.04632552367024752,0.14083499746062972,0.8128394788691228
26867,0.0849040527334882,0.15633433529451782,0.758761611971994
26868,0.03638738777855646,0.08014067078685176,0.8834719414345917
26869,0.037091715577885424,0.03534297280107641,0.9275653116210382
26870,0.07879808315995092,0.3971301037621623,0.5240718130778868
26871,0.1442016207339559,0.34089344313937636,0.5149049361266677
26872,0.06342006276407093,0.25344068263861186,0.6831392545973172
26873,0.10362972589582556,0.2263010463053777,0.6700692277987967
26874,0.12789677647401548,0.1765396904640594,0.6955635330619251
26875,0.04315000763355474,0.1387800868406225,0.8180699055258227
26876,0.051689339637386714,0.17742288384260774,0.7708877765200055
26877,0.06403285395419413,0.10412117228600433,0.8318459737598015
26878,0.085127378268342,0.27057448570690595,0.644298136024752
26879,0.1281217998217133,0.15419370415279907,0.7176844960254878
26880,0.17938581562400294,0.22461389953187236,0.5960002848441247
26881,0.07711066129914203,0.2138338416442413,0.7090554970566167
26882,0.3207471320516888,0.10052128261580377,0.5787315853325075
26883,0.030857463131894268,0.09807389482282095,0.8710686420452847
26884,0.10286678841390703,0.27654419212161213,0.6205890194644809
26885,0.15433100073126754,0.30411148298902385,0.5415575162797086
26886,0.07791229780747404,0.09877670139749159,0.8233110007950344
26887,0.04215305684043985,0.18388731371948946,0.7739596294400707
26888,0.15933632047236185,0.07913132398837776,0.7615323555392604
26889,0.062328748577765346,0.12742833661059397,0.8102429148116407
26890,0.09950824096008164,0.3394468752534888,0.5610448837864295
26891,0.1433236479068668,0.34624200916449704,0.5104343429286361
26892,0.2460029854878552,0.11393220039858369,0.640064814113561
26893,0.06418965498349191,0.14896062471852783,0.7868497202979803
26894,0.09696245361650133,0.13486693273278022,0.7681706136507185
26895,0.1714960889182644,0.24294150005678014,0.5855624110249554
26896,0.09845946706909814,0.15808241964751107,0.7434581132833908
26897,0.09216939325772822,0.17321616609203255,0.7346144406502393
26898,0.06196039686048582,0.13905125741651933,0.7989883457229947
26899,0.05803656425247618,0.16948519844705034,0.7724782373004735
26900,0.05802488115185506,0.1241803719240501,0.8177947469240949
26901,0.0715283632053148,0.3387633005338813,0.5897083362608039
26902,0.04272748950266034,0.045519191752425005,0.9117533187449146
26903,0.09783085769680364,0.1859463261047939,0.7162228161984026
26904,0.3719271950389582,0.2691385518440891,0.3589342531169527
26905,0.08201690381950327,0.1645539907113963,0.7534291054691004
26906,0.04173715019972503,0.15270299732892142,0.8055598524713534
26907,0.060604169191443916,0.12019047437089259,0.8192053564376633
26908,0.04825290715727594,0.31067600414604046,0.6410710886966837
26909,0.05332442765104506,0.5983071334643023,0.3483684388846526
26910,0.08542479297683894,0.2786343726988231,0.635940834324338
26911,0.130624123972355,0.15515248281479166,0.7142233932128533
26912,0.06855053620437399,0.10428046755765501,0.8271689962379709
26913,0.24306474340642859,0.16177157831844227,0.5951636782751292
26914,0.11236126080101412,0.1890184284292691,0.6986203107697169
26915,0.08293643962391456,0.20947518111957084,0.7075883792565146
26916,0.09213037991609561,0.6320298612060526,0.2758397588778518
26917,0.10390757065903525,0.14981395516153628,0.7462784741794285
26918,0.17267401010454642,0.18908016592800397,0.6382458239674497
26919,0.5493416900337833,0.10577479302471578,0.3448835169415009
26920,0.02755060995383323,0.43774453848854594,0.5347048515576207
26921,0.05619627445463723,0.437533586530907,0.5062701390144556
26922,0.06998594633566657,0.7358601028682299,0.19415395079610345
26923,0.10361324363715144,0.12142628435256131,0.7749604720102872
26924,0.14710939403006587,0.3929305655391486,0.45996004043078553
26925,0.0726968896242041,0.1370695991311421,0.7902335112446538
26926,0.130254938346189,0.3851997376374682,0.48454532401634276
26927,0.09438700355249297,0.13504894958239372,0.7705640468651134
26928,0.12791084137355468,0.39586222258757847,0.4762269360388668
26929,0.13624169771293063,0.32017997257644715,0.5435783297106223
26930,0.10596339581958654,0.18813458248712858,0.7059020216932849
26931,0.08213036622466803,0.3914482499267656,0.5264213838485665
26932,0.04839738425153242,0.2730934407879866,0.678509174960481
26933,0.17563274567597043,0.16571768790474364,0.658649566419286
26934,0.04306601187970893,0.1290935811177472,0.827840407002544
26935,0.13410560327445226,0.24196486621615088,0.6239295305093969
26936,0.07674199836646406,0.12204421886197443,0.8012137827715616
26937,0.18168290938891143,0.2519864229958434,0.5663306676152452
26938,0.06991364021183968,0.25579967944774673,0.6742866803404135
26939,0.11254628783992031,0.5035882118464869,0.38386550031359273
26940,0.06450244531419924,0.19083943581927518,0.7446581188665256
26941,0.062451826462495794,0.16423245269916642,0.7733157208383379
26942,0.14505181400685502,0.35879443896359525,0.4961537470295497
26943,0.024591734306032294,0.2577663243847919,0.7176419413091757
26944,0.156424817381505,0.18420096730296406,0.6593742153155309
26945,0.10138821413583092,0.7089989094396731,0.18961287642449598
26946,0.04671177708805068,0.13330356418870745,0.8199846587232418
26947,0.07179113746457094,0.1950110289282629,0.7331978336071663
26948,0.13604499819843666,0.34656343280894664,0.5173915689926167
26949,0.24953425572389037,0.07433537098236016,0.6761303732937494
26950,0.13889311913699331,0.10459531870532934,0.7565115621576773
26951,0.5732502866501659,0.26089606225182776,0.16585365109800643
26952,0.08915542001279907,0.4731862448174211,0.4376583351697798
26953,0.11938096740215778,0.03384930022113389,0.8467697323767084
26954,0.046104497352363424,0.15035845559987568,0.803537047047761
26955,0.08800288336735167,0.24920120939143725,0.6627959072412112
26956,0.17739798807969898,0.17736062739144784,0.6452413845288533
26957,0.22917921045083559,0.3761089020787253,0.39471188747043906
26958,0.16073576393577332,0.22907366771155946,0.6101905683526672
26959,0.10305757183972782,0.31077623942895877,0.5861661887313134
26960,0.1254851902067425,0.43112375410187076,0.4433910556913867
26961,0.022286861084478513,0.12435514814742672,0.8533579907680947
26962,0.05131991333434414,0.35999404359758874,0.5886860430680672
26963,0.31601129251097015,0.11414125460037546,0.5698474528886543
26964,0.06690788516184343,0.33060185029080014,0.6024902645473563
26965,0.05435318072071307,0.22928200986040323,0.7163648094188837
26966,0.09845946706909814,0.15808241964751107,0.7434581132833908
26967,0.03890815960987885,0.11963243706104583,0.8414594033290754
26968,0.07406226568331993,0.29117667512164314,0.6347610591950369
26969,0.05444522831706531,0.13105670726402782,0.8144980644189068
26970,0.08355250538704995,0.09280786452252826,0.8236396300904218
26971,0.1003571901169048,0.248597524414307,0.6510452854687883
26972,0.0858006735230838,0.40228474280701587,0.5119145836699003
26973,0.05080074982212832,0.08813626038227987,0.8610629897955917
26974,0.09175075618816547,0.06406567847823426,0.8441835653336003
26975,0.07837387331224621,0.05979593798354159,0.8618301887042122
26976,0.12340778875492216,0.38510456784698677,0.49148764339809103
26977,0.09807054299582049,0.18984997753345909,0.7120794794707204
26978,0.09415662099208733,0.14234160235145382,0.7635017766564588
26979,0.09152698642545308,0.3679745018466581,0.5404985117278889
26980,0.07641956367147111,0.12387535656715269,0.7997050797613763
26981,0.12864158836053965,0.32481463015084666,0.5465437814886137
26982,0.07189073843032952,0.17957641859330578,0.7485328429763648
26983,0.15681472749312086,0.3699476118761003,0.47323766063077877
26984,0.03013133015772248,0.10962508368130908,0.8602435861609685
26985,0.16590252444849857,0.3347296136722715,0.49936786187923
26986,0.08192878025165735,0.08756576371062,0.8305054560377227
26987,0.12082926976926137,0.3303077213947475,0.5488630088359912
26988,0.16142770113511776,0.3121278102906188,0.5264444885742634
26989,0.08411776340338957,0.3608402198275282,0.5550420167690823
26990,0.11015770492430157,0.14362433975516067,0.7462179553205377
26991,0.07990054839784042,0.11225432849048629,0.8078451231116732
26992,0.060918027027858035,0.5235900122933098,0.4154919606788322
26993,0.06194875518117946,0.16688617848702697,0.7711650663317936
26994,0.0972340201820338,0.10794366747695143,0.7948223123410147
26995,0.12893985686369594,0.17993535723696524,0.6911247858993388
26996,0.06159669691024176,0.14271364117964877,0.7956896619101095
26997,0.222505734651194,0.4051393931027878,0.37235487224601826
26998,0.22876152144440204,0.21171846937447175,0.5595200091811262
26999,0.29039533012937463,0.15189515906750967,0.5577095108031156
27000,0.07752505965629626,0.3911751131134885,0.5312998272302152
27001,0.16039274726099564,0.4299835113915795,0.4096237413474249
27002,0.0522765925970408,0.1516196746581024,0.7961037327448568
27003,0.30725755819062944,0.2677301771954438,0.42501226461392677
27004,0.20721482573854494,0.35323909559028116,0.4395460786711739
27005,0.10803042842439359,0.5249980971501309,0.3669714744254756
27006,0.06708002337899377,0.09206939440752845,0.8408505822134777
27007,0.1651334261433694,0.3976438211302059,0.4372227527264247
27008,0.21585893102196746,0.16465372767330425,0.6194873413047283
27009,0.09808704387895652,0.19503503709353578,0.7068779190275076
27010,0.06740127863938591,0.22492496411045382,0.7076737572501604
27011,0.15111824416189804,0.3971677092375999,0.45171404660050196
27012,0.07164936739055504,0.16128456569592023,0.7670660669135246
27013,0.1773597731688908,0.29052996115895596,0.5321102656721532
27014,0.15046641960611878,0.3218883440203687,0.5276452363735126
27015,0.15116433103649532,0.3956212732955374,0.4532143956679673
27016,0.10774492901140713,0.3251833530059468,0.5670717179826461
27017,0.08559924104916201,0.22690918527897708,0.687491573671861
27018,0.16192516151248965,0.17434445161215573,0.6637303868753547
27019,0.0775765701990899,0.17575548079204723,0.7466679490088629
27020,0.0417981595599604,0.363644356279777,0.5945574841602627
27021,0.028830809378899164,0.27059544496538807,0.7005737456557128
27022,0.04581949822730711,0.08282551630456451,0.8713549854681283
27023,0.19428126678055474,0.34327309283186036,0.46244564038758484
27024,0.0678186600436291,0.25954790967323993,0.6726334302831308
27025,0.146812438666039,0.13976424121341627,0.7134233201205448
27026,0.03310791187392846,0.06785199325520767,0.899040094870864
27027,0.10778723477120586,0.10236678405952862,0.7898459811692655
27028,0.12480859489851484,0.1644032951558774,0.7107881099456078
27029,0.04032163380492316,0.15780500619539678,0.80187335999968
27030,0.1591983001697957,0.5056327975300223,0.33516890230018204
27031,0.5840624896661563,0.21339083997304428,0.20254667036079935
27032,0.23034609083612123,0.3251835344496054,0.4444703747142734
27033,0.12421615462850559,0.09761489652508724,0.7781689488464071
27034,0.0293235345620891,0.08878457171062938,0.8818918937272816
27035,0.31305341732724434,0.13833396673755466,0.5486126159352009
27036,0.0998205005511589,0.09848256802459428,0.8016969314242468
27037,0.18765355061201577,0.37737770976295426,0.43496873962502997
27038,0.08888050614030467,0.13412475090552106,0.7769947429541744
27039,0.12050654786333652,0.13222672191816312,0.7472667302185003
27040,0.12011193118535768,0.14187171355767558,0.7380163552569667
27041,0.018135897565398074,0.11308650175962512,0.8687776006749768
27042,0.2720771948406131,0.3361094222685465,0.3918133828908404
27043,0.11557941224981005,0.14032302347425116,0.7440975642759388
27044,0.09578595067675963,0.15815907833108306,0.7460549709921573
27045,0.0634317510130408,0.4418367018496296,0.4947315471373296
27046,0.03972035216597296,0.19868384807938239,0.7615957997546446
27047,0.12364533481946896,0.510558564524801,0.36579610065573015
27048,0.06018782761904688,0.4952447745597797,0.4445673978211733
27049,0.034076549289076344,0.5470590447191143,0.4188644059918095
27050,0.10177362442418458,0.10049712678201143,0.7977292487938039
27051,0.06758953017482695,0.26391674217338995,0.6684937276517833
27052,0.057238199603202575,0.19434531600088562,0.7484164843959118
27053,0.07044390012322106,0.5882705284880773,0.34128557138870175
27054,0.13220622320633826,0.1775306124516963,0.6902631643419654
27055,0.14903550828567338,0.42306137391957543,0.42790311779475126
27056,0.20031164178088606,0.3837666341936233,0.41592172402549055
27057,0.07957951577021698,0.21787978226578802,0.702540701963995
27058,0.15808628134910147,0.21336115724336194,0.6285525614075367
27059,0.05321437681874318,0.21443472486091628,0.7323508983203405
27060,0.10555197707181378,0.25727719398785415,0.637170828940332
27061,0.21963944471067487,0.14654648097303702,0.6338140743162881
27062,0.08123702267320579,0.13805401423512056,0.7807089630916736
27063,0.15357406182323063,0.3751437292809786,0.47128220889579076
27064,0.039902989860673324,0.05445607968947306,0.9056409304498537
27065,0.15605360155813494,0.32151191122536005,0.5224344872165051
27066,0.059000463137937484,0.04708449947286457,0.893915037389198
27067,0.09630033140274907,0.20004417815350822,0.7036554904437426
27068,0.2555867288786154,0.09701128979636744,0.6474019813250173
27069,0.026077704129762635,0.12085875668226742,0.8530635391879701
27070,0.1279383143538324,0.18086693571108908,0.6911947499350786
27071,0.1416391916794527,0.1382355714306598,0.7201252368898874
27072,0.13518985243075018,0.29705042642855994,0.5677597211406898
27073,0.11670623356615453,0.3031866273952649,0.5801071390385806
27074,0.14322705601991859,0.3021230368520052,0.5546499071280762
27075,0.1800990495696943,0.17918273390722478,0.6407182165230809
27076,0.1443839274521728,0.23360923046563217,0.6220068420821949
